n = 1
de castelijau:
t = 0.757
[-6.605e-007,8.026e-007], 

polynomial:
t = 0.286
[-8.542e-007,2.358e-007], 

----------------------------------------------------------------n = 2
de castelijau:
t = 0.918
[-6.856e-007,4.46e-008], 
[5.99e-008,-6.503e-007], 

polynomial:
t = 0.852
[5.692e-007,-9.593e-007], 
[-6.783e-007,-4.856e-007], 

----------------------------------------------------------------n = 3
de castelijau:
t = 0.178
[9.36e-007,-4.788e-007], 
[9.978e-007,-7.206e-007], 
[-3.915e-007,2.169e-007], 

polynomial:
t = 0.993
[-7.13e-007,5.368e-007], 
[7.675e-007,4.319e-007], 
[-5.412e-007,-4.201e-007], 

----------------------------------------------------------------n = 4
de castelijau:
t = 0.197
[9.92e-008,-7.116e-007], 
[7.688e-007,-9.1e-007], 
[-6.679e-007,8.715e-007], 
[-7.698e-007,6.905e-007], 

polynomial:
t = 0.87
[-7.467e-007,-6.045e-007], 
[7.459e-007,-7.781e-007], 
[-8.298e-007,-5.498e-007], 
[-2.104e-007,7.194e-007], 

----------------------------------------------------------------n = 5
de castelijau:
t = 0.016
[8.807e-007,-9.965e-007], 
[1.91e-008,-9.962e-007], 
[3.19e-007,-4.836e-007], 
[2.37e-007,-3.634e-007], 
[-5.123e-007,8.366e-007], 

polynomial:
t = 0.982
[-1.259e-007,5.158e-007], 
[8.856e-007,4.652e-007], 
[-1.881e-007,1.442e-007], 
[-4.92e-008,-6.846e-007], 
[-3.105e-007,2.504e-007], 

----------------------------------------------------------------n = 6
de castelijau:
t = 0.951
[-5.746e-007,-3.49e-007], 
[-2.055e-007,-3.981e-007], 
[-4.402e-007,-3.755e-007], 
[-8.115e-007,-7.949e-007], 
[-8.143e-007,7.897e-007], 
[-8.246e-007,-8.439e-007], 

polynomial:
t = 0.893
[2.44e-007,-1.122e-007], 
[-3.993e-007,9.997e-007], 
[9.04e-007,-8.283e-007], 
[-4.457e-007,-7.274e-007], 
[9.483e-007,-4.952e-007], 
[-5.643e-007,2.77e-007], 

----------------------------------------------------------------n = 7
de castelijau:
t = 0.974
[-1.785e-007,2.098e-007], 
[-6.299e-007,8.732e-007], 
[-7.849e-007,-1.799e-007], 
[-1.852e-007,8.264e-007], 
[-2.757e-007,8.793e-007], 
[-5.403e-007,-6.615e-007], 
[9.555e-007,1.503e-007], 

polynomial:
t = 0.983
[5.808e-007,-2.655e-007], 
[-1.201e-007,-2.968e-007], 
[-7e-007,4.76e-007], 
[6.348e-007,-7.886e-007], 
[9.415e-007,-4.641e-007], 
[-6.267e-007,-1.164e-007], 
[3.32e-007,-5.6e-009], 

----------------------------------------------------------------n = 8
de castelijau:
t = 0.033
[7.441e-007,6.375e-007], 
[9.345e-007,-9.617e-007], 
[-1.222e-007,-8.63e-007], 
[3.132e-007,1.487e-007], 
[-6.574e-007,-7.388e-007], 
[-3.322e-007,-9.463e-007], 
[-9.454e-007,-2.657e-007], 
[2.799e-007,-4.31e-007], 

polynomial:
t = 0.895
[-1.793e-007,9.151e-007], 
[4.862e-007,-3.625e-007], 
[-9.284e-007,9.774e-007], 
[7.207e-007,-7.399e-007], 
[-6.086e-007,3.841e-007], 
[-5.109e-007,7e-008], 
[3.944e-007,-9.606e-007], 
[-7.88e-008,2.149e-007], 

----------------------------------------------------------------n = 9
de castelijau:
t = 0.043
[-8.15e-008,-9.56e-007], 
[-1.954e-007,-8.418e-007], 
[2.43e-007,1.834e-007], 
[7.355e-007,8.343e-007], 
[-6.064e-007,-3.418e-007], 
[-4.732e-007,-6.244e-007], 
[7.352e-007,-6.141e-007], 
[2.01e-007,-9.248e-007], 
[-9.447e-007,-5.694e-007], 

polynomial:
t = 0.992
[8.797e-007,-4.267e-007], 
[-6.846e-007,-6.387e-007], 
[6.082e-007,6.89e-008], 
[-8.529e-007,-2.371e-007], 
[-3.102e-007,4.606e-007], 
[-2.566e-007,7.847e-007], 
[-5.201e-007,-7.816e-007], 
[-7.841e-007,6.109e-007], 
[-3.264e-007,3.217e-007], 

----------------------------------------------------------------n = 10
de castelijau:
t = 0.205
[-9.481e-007,-6.601e-007], 
[-8.184e-007,9.395e-007], 
[-3.596e-007,8.474e-007], 
[1.724e-007,9.251e-007], 
[-8.717e-007,1.156e-007], 
[1.208e-007,6.749e-007], 
[-4.066e-007,-9.037e-007], 
[2.136e-007,-3.049e-007], 
[-9.565e-007,2.091e-007], 
[4.379e-007,8.612e-007], 

polynomial:
t = 0.994
[-1.695e-007,-9.46e-008], 
[2.222e-007,-8.212e-007], 
[-3.675e-007,8.5e-007], 
[-7.6e-007,-6.889e-007], 
[-2.44e-007,-3.396e-007], 
[-6.669e-007,-2.798e-007], 
[-4.939e-007,-5.433e-007], 
[1.035e-007,1.852e-007], 
[-6.141e-007,3.34e-007], 
[-6.78e-007,-1.191e-007], 

----------------------------------------------------------------n = 11
de castelijau:
t = 0.976
[9.87e-008,-7.44e-007], 
[-6.7e-008,8.811e-007], 
[-2.623e-007,9.401e-007], 
[3.5e-007,-8.486e-007], 
[-1.04e-007,5.31e-007], 
[1.585e-007,-9.492e-007], 
[7.208e-007,-8.762e-007], 
[-8.9e-008,-9.542e-007], 
[-7.312e-007,-2.708e-007], 
[-2.025e-007,3.285e-007], 
[8.719e-007,-9.005e-007], 

polynomial:
t = 0.976
[7.49e-008,-7.679e-007], 
[-5.303e-007,-8.66e-008], 
[-9.102e-007,-8.504e-007], 
[-9.416e-007,-3.717e-007], 
[3.058e-007,8.807e-007], 
[-7.156e-007,-4.801e-007], 
[8.296e-007,-7.495e-007], 
[-4.496e-007,-7.919e-007], 
[-4.301e-007,7.161e-007], 
[-3.589e-007,-6.973e-007], 
[-8.311e-007,8.941e-007], 

----------------------------------------------------------------n = 12
de castelijau:
t = 0.031
[-8.826e-007,-8.39e-007], 
[-1.708e-007,-5.494e-007], 
[4.3e-008,3.612e-007], 
[-3.95e-008,-1.475e-007], 
[9.57e-008,2.174e-007], 
[3.853e-007,6.36e-008], 
[4.391e-007,-3.831e-007], 
[6.483e-007,8.55e-008], 
[-8.591e-007,2.877e-007], 
[-4.203e-007,1.299e-007], 
[3.4e-008,2.857e-007], 
[4.986e-007,8.651e-007], 

polynomial:
t = 0.964
[-3.854e-007,-4.165e-007], 
[7.66e-008,6.071e-007], 
[-3.212e-007,-3.052e-007], 
[-7.941e-007,4.284e-007], 
[5.549e-007,-7.958e-007], 
[-4.872e-007,-6.26e-008], 
[6.01e-008,5.02e-007], 
[-2.304e-007,8.828e-007], 
[3.453e-007,-1.846e-007], 
[5.092e-007,-2.142e-007], 
[6.158e-007,1.798e-007], 
[-2.9e-008,-9.787e-007], 

----------------------------------------------------------------n = 13
de castelijau:
t = 0.148
[-9.951e-007,-3.172e-007], 
[3.152e-007,-8.678e-007], 
[5.499e-007,-9.816e-007], 
[-6.76e-008,1.205e-007], 
[3.974e-007,8.533e-007], 
[5.136e-007,-1.926e-007], 
[-2.282e-007,9.045e-007], 
[-6.89e-007,3.506e-007], 
[9.45e-008,-6.671e-007], 
[-2.199e-007,-6.71e-008], 
[-7.64e-007,8.216e-007], 
[-3.955e-007,-3.957e-007], 
[-8.758e-007,-9.869e-007], 

polynomial:
t = 0.993
[-4.723e-007,-5.63e-008], 
[4.893e-007,-6.579e-007], 
[-2.738e-007,-2.778e-007], 
[-8.929e-007,-7.03e-007], 
[-8.683e-007,-9.863e-007], 
[-5.244e-007,-2.45e-007], 
[-5.755e-007,-8.687e-007], 
[-1.492e-007,3.187e-007], 
[9.159e-007,-8.352e-007], 
[-7.039e-007,-1.567e-007], 
[-6.038e-007,-1.533e-007], 
[3.8e-009,-2.487e-007], 
[-9.55e-007,-5.971e-007], 

----------------------------------------------------------------n = 14
de castelijau:
t = 0.121
[-9.103e-007,-8.616e-007], 
[-6.609e-007,-9.096e-007], 
[-9.171e-007,7.656e-007], 
[7.741e-007,-2.938e-007], 
[-3.646e-007,-9.765e-007], 
[-7.472e-007,-6.988e-007], 
[-5.715e-007,9.764e-007], 
[-5.91e-008,3.94e-007], 
[1.199e-007,6.743e-007], 
[6.606e-007,-5.931e-007], 
[-3.128e-007,2.981e-007], 
[-2.177e-007,-4.33e-008], 
[7.354e-007,-6.926e-007], 
[-4.469e-007,5.542e-007], 

polynomial:
t = 0.979
[-9.796e-007,2.018e-007], 
[-4.089e-007,-9.309e-007], 
[-1.741e-007,-5.524e-007], 
[-2.308e-007,-3.016e-007], 
[-1.973e-007,6.662e-007], 
[2.252e-007,-6.352e-007], 
[1.901e-007,4.288e-007], 
[9.079e-007,2.749e-007], 
[1.81e-008,-3.873e-007], 
[-1.826e-007,-5.517e-007], 
[-3.9e-009,-5.595e-007], 
[-7.469e-007,-1.052e-007], 
[-5.201e-007,-8.597e-007], 
[-7.148e-007,3.31e-007], 

----------------------------------------------------------------n = 15
de castelijau:
t = 0.078
[-2.78e-007,-6.847e-007], 
[2.57e-007,-3.587e-007], 
[-6.429e-007,-6.521e-007], 
[-8.915e-007,-2.834e-007], 
[-6.393e-007,-9.025e-007], 
[-8.548e-007,-9.309e-007], 
[-9.155e-007,-2.226e-007], 
[9.42e-008,-5.817e-007], 
[-4.609e-007,-4.49e-008], 
[-2.696e-007,7.278e-007], 
[-3.295e-007,-6.335e-007], 
[7.616e-007,4.28e-007], 
[-1.75e-007,-1.524e-007], 
[3.979e-007,-3.524e-007], 
[6.988e-007,-4.479e-007], 

polynomial:
t = 0.993
[-7.182e-007,3.449e-007], 
[1.826e-007,-4.935e-007], 
[-6.65e-007,2.143e-007], 
[-8.798e-007,-6.31e-007], 
[-3.257e-007,4.519e-007], 
[-1.656e-007,-9.737e-007], 
[-8.91e-008,-3.054e-007], 
[-7.434e-007,2.841e-007], 
[1.266e-007,7.577e-007], 
[-9.416e-007,3.093e-007], 
[-5.127e-007,-6.487e-007], 
[-8.146e-007,1.17e-008], 
[-9.55e-007,1.073e-007], 
[-7.031e-007,6.68e-007], 
[-8.781e-007,-8.09e-008], 

----------------------------------------------------------------n = 16
de castelijau:
t = 0.003
[-8.356e-007,4.243e-007], 
[5.417e-007,1.931e-007], 
[9.346e-007,1.836e-007], 
[-3.692e-007,-5.22e-008], 
[-4.043e-007,-3.369e-007], 
[-1.84e-008,-5.396e-007], 
[6.051e-007,7.328e-007], 
[7.714e-007,5.1e-008], 
[7.883e-007,-8.658e-007], 
[-7.97e-007,3.788e-007], 
[-5.316e-007,5.895e-007], 
[-6.012e-007,-1.045e-007], 
[5.61e-007,-1.592e-007], 
[-5.247e-007,-2.487e-007], 
[5e-008,9.87e-008], 
[5.045e-007,2.161e-007], 

polynomial:
t = 0.975
[-8.913e-007,-4.268e-007], 
[-4.192e-007,-9.959e-007], 
[-3.612e-007,-4.72e-007], 
[-6.798e-007,1.302e-007], 
[-6.204e-007,2.45e-008], 
[8.509e-007,-8.178e-007], 
[-9.916e-007,-8.372e-007], 
[4.95e-008,-9.165e-007], 
[-7.344e-007,-5.944e-007], 
[-3.298e-007,4.87e-007], 
[2.758e-007,-8.711e-007], 
[-4.102e-007,9.818e-007], 
[6.11e-008,-3.37e-007], 
[3.16e-008,-4.258e-007], 
[-4.283e-007,7.806e-007], 
[-9.79e-007,-1.189e-007], 

----------------------------------------------------------------n = 17
de castelijau:
t = 0.998
[-6.45e-007,5.99e-008], 
[2.379e-007,-6.18e-008], 
[-2.859e-007,5.82e-008], 
[-3.665e-007,-9.966e-007], 
[2.76e-007,8.548e-007], 
[-8.282e-007,-8.789e-007], 
[-4.191e-007,-3.26e-007], 
[-7.401e-007,-4.52e-008], 
[-9.306e-007,-6.092e-007], 
[-4.232e-007,4.64e-008], 
[5.697e-007,-4.996e-007], 
[-8.76e-008,-5.67e-007], 
[6.219e-007,-2.2e-008], 
[-3.412e-007,8.584e-007], 
[-6.803e-007,-7.492e-007], 
[-7.398e-007,4.65e-008], 
[-5.078e-007,-2.569e-007], 

polynomial:
t = 0.961
[-1.172e-007,-1.163e-007], 
[9.412e-007,5.21e-008], 
[-8.392e-007,-2.791e-007], 
[-1.667e-007,-4.721e-007], 
[8.651e-007,-9.993e-007], 
[9.646e-007,7.365e-007], 
[-2.596e-007,-9.49e-008], 
[3.887e-007,4.614e-007], 
[-1.017e-007,-2.02e-007], 
[-3.78e-007,-8.619e-007], 
[-5.58e-007,-2.205e-007], 
[3.905e-007,4.896e-007], 
[1.392e-007,4.393e-007], 
[-3.92e-007,2.557e-007], 
[5.791e-007,9.869e-007], 
[2.26e-007,-8.169e-007], 
[1.234e-007,-5.971e-007], 

----------------------------------------------------------------n = 18
de castelijau:
t = 0.038
[-4.885e-007,-6.573e-007], 
[-7.492e-007,9.615e-007], 
[-8.648e-007,-2.825e-007], 
[8.121e-007,-2.85e-008], 
[-5.7e-008,-4.668e-007], 
[-7.834e-007,-8.004e-007], 
[9.44e-007,7.409e-007], 
[1.65e-007,-5.858e-007], 
[-2.661e-007,-4.088e-007], 
[-5.718e-007,-2.442e-007], 
[1.906e-007,-4.017e-007], 
[-9.551e-007,5.132e-007], 
[2.548e-007,7.529e-007], 
[-4.175e-007,4.8e-009], 
[-7.1e-009,-9.577e-007], 
[-5.683e-007,-7.036e-007], 
[9.626e-007,4.034e-007], 
[8.33e-008,9.298e-007], 

polynomial:
t = 0.977
[-8.899e-007,-6.028e-007], 
[-8.25e-008,9.838e-007], 
[7.592e-007,9.033e-007], 
[-2.459e-007,8.006e-007], 
[4.976e-007,-9.185e-007], 
[3.292e-007,-8.466e-007], 
[-8.15e-008,9.005e-007], 
[-4.862e-007,-8.14e-007], 
[2.1e-008,-4.596e-007], 
[3.632e-007,-2.494e-007], 
[-7.641e-007,-5.957e-007], 
[8.578e-007,8.49e-008], 
[-6.836e-007,-6.745e-007], 
[3.261e-007,-2.87e-008], 
[-8.389e-007,1.029e-007], 
[1.651e-007,-3.094e-007], 
[-5.288e-007,-2.108e-007], 
[-7.445e-007,-2.419e-007], 

----------------------------------------------------------------n = 19
de castelijau:
t = 0.044
[-6.752e-007,-8.236e-007], 
[-8.434e-007,-4.487e-007], 
[8.611e-007,-1.329e-007], 
[8.575e-007,-2.209e-007], 
[-6.107e-007,-9.619e-007], 
[9.23e-007,-9.507e-007], 
[6.538e-007,6.565e-007], 
[-2.909e-007,-7.509e-007], 
[-9.571e-007,-4.015e-007], 
[-4.58e-007,-7.655e-007], 
[-3.875e-007,-1.962e-007], 
[-5.658e-007,1.338e-007], 
[2.462e-007,2.206e-007], 
[2.535e-007,8.681e-007], 
[-3.705e-007,1.673e-007], 
[7.48e-007,-3.035e-007], 
[-1.661e-007,2.245e-007], 
[1.338e-007,-5.603e-007], 
[-8.172e-007,-1.896e-007], 

polynomial:
t = 0.988
[-4.166e-007,-6.7e-008], 
[-1.949e-007,-6.104e-007], 
[3.983e-007,-9.227e-007], 
[-1.762e-007,3.254e-007], 
[-1.046e-007,-5.066e-007], 
[-8.86e-007,7.984e-007], 
[-1.352e-007,-7.31e-007], 
[-8.94e-007,-6.681e-007], 
[-2.378e-007,-8.925e-007], 
[7.517e-007,-1.787e-007], 
[-5.413e-007,1.944e-007], 
[6.747e-007,-6.784e-007], 
[-4.586e-007,2.127e-007], 
[2.37e-007,5.355e-007], 
[-5.85e-008,-1.304e-007], 
[7.295e-007,-4.56e-007], 
[-2.08e-008,-1.059e-007], 
[4.44e-008,7.523e-007], 
[-8.899e-007,4.848e-007], 

----------------------------------------------------------------n = 20
de castelijau:
t = 0.033
[8.972e-007,4.904e-007], 
[-1.268e-007,5.994e-007], 
[4.129e-007,7.862e-007], 
[8.768e-007,-6.5e-008], 
[8.006e-007,-7.538e-007], 
[9.307e-007,-5.037e-007], 
[7.016e-007,-5.796e-007], 
[-8.879e-007,-9.807e-007], 
[-1.882e-007,2.547e-007], 
[-8.972e-007,7.344e-007], 
[-1.484e-007,-2.839e-007], 
[-8.334e-007,5.201e-007], 
[2.142e-007,8.553e-007], 
[-7.938e-007,4.65e-007], 
[-3.507e-007,-1.117e-007], 
[1.364e-007,-8.865e-007], 
[-2.993e-007,9.733e-007], 
[-7.368e-007,-7.731e-007], 
[-4.878e-007,2.448e-007], 
[1.6e-008,-8.312e-007], 

polynomial:
t = 0.997
[-6.501e-007,2.134e-007], 
[-4.955e-007,-7.417e-007], 
[5.547e-007,-4.965e-007], 
[5.886e-007,2.661e-007], 
[9.974e-007,1.86e-008], 
[-5.722e-007,-4.664e-007], 
[3.834e-007,9.577e-007], 
[-8.831e-007,4.885e-007], 
[-9.167e-007,2.06e-007], 
[8.188e-007,-7.076e-007], 
[-7.432e-007,-2.879e-007], 
[1.066e-007,-4.56e-007], 
[6.84e-008,-4.298e-007], 
[5.519e-007,8.177e-007], 
[1.178e-007,1.598e-007], 
[4.164e-007,-8.313e-007], 
[-9.194e-007,7.814e-007], 
[2.839e-007,4.759e-007], 
[2.379e-007,-4.574e-007], 
[1.715e-007,7.18e-008], 

----------------------------------------------------------------