n = 1
de castelijau:
t = 0.757
[-66050,80260], 

polynomial:
t = 0.026
[-84730,-96070], 

----------------------------------------------------------------n = 2
de castelijau:
t = 0.046
[-26190,79110], 
[-57230,-34400], 

polynomial:
t = 0.971
[22810,-36310], 
[-15320,98820], 

----------------------------------------------------------------n = 3
de castelijau:
t = 0.895
[6100,37640], 
[68360,-99750], 
[91740,-47750], 

polynomial:
t = 0.85
[-88880,89770], 
[19030,-98880], 
[12710,5870], 

----------------------------------------------------------------n = 4
de castelijau:
t = 0.038
[98010,91660], 
[44180,-60390], 
[-85210,-48170], 
[37340,-81290], 

polynomial:
t = 0.911
[-31240,-5350], 
[-54990,-95540], 
[-36080,66090], 
[-59800,-20600], 

----------------------------------------------------------------n = 5
de castelijau:
t = 0.811
[-70540,87530], 
[-85490,-90980], 
[2630,-77690], 
[-97660,14680], 
[-95260,-82720], 

polynomial:
t = 0.962
[-69630,81070], 
[-33030,-87900], 
[-90620,72490], 
[-4380,-74700], 
[70180,-40600], 

----------------------------------------------------------------n = 6
de castelijau:
t = 0.105
[-94950,-59820], 
[-94010,35700], 
[-5890,-80550], 
[-28080,19010], 
[72920,16770], 
[82520,280], 

polynomial:
t = 0.997
[-15470,4690], 
[-41710,-65200], 
[35620,-3830], 
[-96170,-60280], 
[66390,-83620], 
[-14020,-3710], 

----------------------------------------------------------------n = 7
de castelijau:
t = 0.944
[13310,-43880], 
[-39250,-65140], 
[-15360,-91740], 
[-17570,31080], 
[-55470,60600], 
[7310,19890], 
[13810,63310], 

polynomial:
t = 0.991
[70120,-44730], 
[-37400,73050], 
[-20170,-35650], 
[-65920,66750], 
[-94150,-97940], 
[79220,-49560], 
[64890,20200], 

----------------------------------------------------------------n = 8
de castelijau:
t = 0.019
[-72780,14310], 
[-99600,-92630], 
[-80090,-48240], 
[-80650,27330], 
[51480,-76210], 
[-79570,-700], 
[46690,39070], 
[-30850,16160], 

polynomial:
t = 0.985
[-73120,26940], 
[55610,-14810], 
[-75790,-31540], 
[47790,-88970], 
[-69240,29200], 
[-22650,-93290], 
[-62180,-20180], 
[45700,-59270], 

----------------------------------------------------------------n = 9
de castelijau:
t = 0.003
[-93880,50050], 
[-52560,-51680], 
[-70880,-98260], 
[-6230,-25720], 
[40460,-98780], 
[-74490,9390], 
[-61080,-55740], 
[25710,61540], 
[-19190,36580], 

polynomial:
t = 0.997
[-85330,-6590], 
[8950,40090], 
[3850,46270], 
[-76520,80800], 
[20030,-73890], 
[-37580,86610], 
[37280,73340], 
[14740,81340], 
[-73280,-44650], 

----------------------------------------------------------------n = 10
de castelijau:
t = 0.986
[-87310,-47500], 
[8150,64960], 
[-76720,-78540], 
[-32700,-7060], 
[48240,-92050], 
[-67900,-82230], 
[73880,5980], 
[97720,7500], 
[12050,-76420], 
[-80150,89350], 

polynomial:
t = 0.969
[-83950,28550], 
[-86230,68130], 
[19300,-79950], 
[-72060,86740], 
[-65300,-46460], 
[97340,-58020], 
[19170,-33480], 
[-64080,82850], 
[23110,34780], 
[-9390,-77780], 

----------------------------------------------------------------n = 11
de castelijau:
t = 0.076
[-87210,-25200], 
[-69570,-6330], 
[-75150,28250], 
[67330,-71320], 
[-85030,-20110], 
[72910,-17040], 
[-73690,-99860], 
[1970,-25390], 
[-23950,-74870], 
[-20910,-28270], 
[-12230,21560], 

polynomial:
t = 0.976
[9870,-74400], 
[-6700,88110], 
[-26230,94010], 
[35000,-84860], 
[-10400,53100], 
[15850,-94920], 
[72080,-87620], 
[-8900,-95420], 
[-73120,-27080], 
[-20250,32850], 
[87190,-90050], 

----------------------------------------------------------------n = 12
de castelijau:
t = 0.01
[-22750,-92360], 
[-62050,-5500], 
[59480,72240], 
[-53650,-72860], 
[79890,-30350], 
[-20260,88050], 
[19290,56370], 
[-40820,14790], 
[28540,12390], 
[-74360,-47800], 
[76460,-74290], 
[-46990,-73490], 

polynomial:
t = 0.971
[-59920,92880], 
[-19060,31540], 
[-95210,-45420], 
[92070,-86680], 
[-98200,15250], 
[39740,9940], 
[-48140,-35220], 
[-66110,-670], 
[21230,-93810], 
[19620,77310], 
[-72860,99280], 
[57480,4260], 

----------------------------------------------------------------n = 13
de castelijau:
t = 0.055
[50180,-84740], 
[61180,-50850], 
[7160,-82930], 
[60850,-45830], 
[-86560,-64380], 
[-9660,-33060], 
[99230,26930], 
[-4820,3820], 
[-45610,4140], 
[34110,-76150], 
[-89160,23300], 
[-79880,-29970], 
[89340,-80350], 

polynomial:
t = 0.946
[-82700,4120], 
[58020,12640], 
[-99280,-98600], 
[50730,65390], 
[-63360,-53440], 
[-5010,24880], 
[-55730,25310], 
[46100,15590], 
[-44150,-67350], 
[-36830,-31840], 
[89290,4280], 
[-20710,5460], 
[-7160,-84940], 

----------------------------------------------------------------n = 14
de castelijau:
t = 0.007
[-77560,54770], 
[-1650,-92630], 
[-14820,-48190], 
[-15640,-29530], 
[-46260,-78320], 
[17700,17590], 
[98200,23760], 
[-9590,2660], 
[21910,84390], 
[-24220,21120], 
[77690,-65850], 
[-12690,16600], 
[-98530,58360], 
[-50790,-36450], 

polynomial:
t = 0.974
[78060,-26570], 
[17530,20820], 
[-49000,-12900], 
[-11870,70090], 
[-38110,-30420], 
[-44400,52520], 
[-26620,-83350], 
[-16520,-58050], 
[36610,-66590], 
[-42550,-60130], 
[-56300,98580], 
[27180,20920], 
[-85000,18230], 
[-12010,11390], 

----------------------------------------------------------------n = 15
de castelijau:
t = 0.134
[-38470,-86610], 
[-83390,-37910], 
[-96400,-27280], 
[-2170,14700], 
[-62110,-12640], 
[-28900,74700], 
[52030,27760], 
[20750,4320], 
[15950,95080], 
[8370,-29730], 
[-16410,-40990], 
[72780,-23600], 
[-94060,-93420], 
[24400,-8370], 
[69170,21900], 

polynomial:
t = 0.962
[82440,-21940], 
[67340,-51390], 
[-11500,94680], 
[-79100,-5690], 
[54630,96240], 
[36730,-92610], 
[-81690,10210], 
[-34480,10980], 
[-2400,95060], 
[-46180,-30330], 
[-5800,84390], 
[-53750,-67420], 
[37540,78880], 
[-15390,34260], 
[1560,64370], 

----------------------------------------------------------------n = 16
de castelijau:
t = 0.961
[-38390,-68560], 
[73720,-5130], 
[3360,-21660], 
[11630,-43800], 
[-93880,7650], 
[-55230,-63520], 
[-13250,-14410], 
[-33090,-48440], 
[-23650,23170], 
[38350,-67760], 
[-10020,-8760], 
[-56790,-32220], 
[24270,-14580], 
[-93920,18310], 
[73860,-39510], 
[87110,21420], 

polynomial:
t = 0.97
[-12680,94950], 
[1300,-15210], 
[-80190,38230], 
[25620,-29260], 
[-96090,-87220], 
[10370,35170], 
[7860,-99740], 
[-40230,-3410], 
[-21500,-44730], 
[18280,79810], 
[-73490,-96760], 
[-67240,49040], 
[-15010,65430], 
[18600,-330], 
[-75760,-36320], 
[-11740,-84580], 

----------------------------------------------------------------n = 17
de castelijau:
t = 0.998
[-64500,5990], 
[23790,-6180], 
[-28590,5820], 
[-36650,-99660], 
[27600,85480], 
[-82820,-87890], 
[-41910,-32600], 
[-74010,-4520], 
[-93060,-60920], 
[-42320,4640], 
[56970,-49960], 
[-8760,-56700], 
[62190,-2200], 
[-34120,85840], 
[-68030,-74920], 
[-73980,4650], 
[-50780,-25690], 

polynomial:
t = 0.993
[21040,230], 
[19480,2160], 
[-2040,-14020], 
[55710,33020], 
[-17830,-53680], 
[-37180,67870], 
[-59190,-71880], 
[17360,6610], 
[34510,-44350], 
[38480,7240], 
[17340,8040], 
[-28870,-43980], 
[-92350,-50200], 
[-32660,-29120], 
[-70490,-65250], 
[94040,-72440], 
[-35350,-6820], 

----------------------------------------------------------------n = 18
de castelijau:
t = 0.972
[-7190,-74600], 
[-5840,-93780], 
[3730,-34770], 
[46770,-22820], 
[-28610,-3300], 
[40150,-97200], 
[-60120,11540], 
[-13390,22070], 
[-88370,2070], 
[69930,-7280], 
[11510,-68940], 
[-97590,61170], 
[-92280,-55900], 
[-73460,-29090], 
[82610,-40170], 
[-40400,-30540], 
[93400,22230], 
[-7200,-20370], 

polynomial:
t = 0.981
[-7430,23700], 
[-83480,78700], 
[10490,-41620], 
[20140,-72300], 
[7620,-47110], 
[-35580,-230], 
[28700,-22880], 
[-19710,-89920], 
[89480,-74540], 
[-76370,16340], 
[-65680,-17390], 
[-53540,-2640], 
[69040,6630], 
[44040,-94120], 
[60320,-79670], 
[-78350,-31330], 
[14930,-61770], 
[-45260,-29490], 

----------------------------------------------------------------n = 19
de castelijau:
t = 0.993
[-26620,6850], 
[-93920,-37640], 
[-5840,94480], 
[-73390,-42510], 
[67170,-2170], 
[-60400,23300], 
[-70840,-75180], 
[81810,-18950], 
[-82240,-79690], 
[-58680,79180], 
[4650,-16000], 
[-65650,-34230], 
[-55110,-23760], 
[-56420,-47350], 
[27560,22050], 
[-61500,-36470], 
[-29720,53470], 
[-74330,-78100], 
[9070,34290], 

polynomial:
t = 0.994
[-90620,-96870], 
[97360,-9320], 
[-32910,-54360], 
[-69660,-28770], 
[-66440,-97230], 
[-70910,65990], 
[-98650,-72350], 
[-8820,45800], 
[71400,-78560], 
[-75580,-57610], 
[19020,-85300], 
[-98520,-55220], 
[-13930,-46690], 
[-76180,-47470], 
[-99760,-99610], 
[44190,-5970], 
[-340,5890], 
[43370,9310], 
[-6630,42420], 

----------------------------------------------------------------n = 20
de castelijau:
t = 0.004
[-24290,-78900], 
[-59230,-20600], 
[-86790,-88690], 
[-19030,83910], 
[-82510,-93730], 
[80790,-6590], 
[7010,-6110], 
[-25870,-67520], 
[86440,-590], 
[-81480,-52050], 
[-40560,-29030], 
[-86550,-69280], 
[65780,-95040], 
[63220,-12310], 
[-82700,-50860], 
[-38330,-91140], 
[48030,51090], 
[-20760,56220], 
[73760,-58860], 
[57250,-10510], 

polynomial:
t = 0.995
[-16410,88100], 
[-46990,58360], 
[-66280,56190], 
[-76420,66990], 
[1130,-23140], 
[-96250,-75120], 
[68190,-24520], 
[6230,-30160], 
[6350,-6150], 
[-18270,95800], 
[55110,-43960], 
[13460,-42810], 
[-48080,-25220], 
[-1520,-36590], 
[-1470,-17040], 
[-42050,-53140], 
[33770,66640], 
[-18770,-30820], 
[64320,41550], 
[-37180,21710], 

----------------------------------------------------------------