n = 1
de castelijau:
t = 0.757
[-660500,802600], 

polynomial:
t = 0.829
[-946400,-730500], 

----------------------------------------------------------------n = 2
de castelijau:
t = 0.174
[-953000,-610000], 
[-65100,-422400], 

polynomial:
t = 0.829
[-889600,-996900], 
[581600,769100], 

----------------------------------------------------------------n = 3
de castelijau:
t = 0.431
[594700,-916500], 
[923300,-381900], 
[854000,-127600], 

polynomial:
t = 0.919
[-171100,-124600], 
[-742600,864600], 
[190700,-856500], 

----------------------------------------------------------------n = 4
de castelijau:
t = 0.083
[-894300,746400], 
[182000,-44400], 
[785500,-77600], 
[-411000,-152000], 

polynomial:
t = 0.961
[246000,57500], 
[-715200,886800], 
[-750500,-639700], 
[-663500,234000], 

----------------------------------------------------------------n = 5
de castelijau:
t = 0.04
[-773200,792300], 
[204900,221000], 
[-184100,864800], 
[289600,-446100], 
[-421700,729500], 

polynomial:
t = 0.916
[114300,-346000], 
[-953900,-599200], 
[473800,864300], 
[-238000,-702200], 
[-223100,501800], 

----------------------------------------------------------------n = 6
de castelijau:
t = 0.027
[672800,-839000], 
[118500,-979100], 
[-328000,-722800], 
[140700,-231100], 
[-964700,596100], 
[-349600,-747500], 

polynomial:
t = 0.921
[-13400,-59400], 
[-434500,199800], 
[945700,-20800], 
[-351400,430900], 
[558600,257900], 
[-305200,-759500], 

----------------------------------------------------------------n = 7
de castelijau:
t = 0.015
[783200,-796000], 
[137500,-354400], 
[631700,-823700], 
[-749800,-595600], 
[-705600,-959100], 
[193300,-2500], 
[406000,328100], 

polynomial:
t = 0.953
[-994900,-63000], 
[305700,537700], 
[-685900,-975900], 
[556000,-216000], 
[-946900,243600], 
[-979500,-743700], 
[-774400,-33100], 

----------------------------------------------------------------n = 8
de castelijau:
t = 0.843
[-581100,-288900], 
[-371100,-79400], 
[-608400,517400], 
[-250000,-882900], 
[-331100,-235300], 
[-546900,-55600], 
[-670800,331700], 
[-814600,-934900], 

polynomial:
t = 0.914
[-793100,-840700], 
[-333000,260600], 
[-758000,-409100], 
[-308800,849100], 
[-359100,-584600], 
[-538600,74300], 
[-956600,-894000], 
[-319500,-261200], 

----------------------------------------------------------------n = 9
de castelijau:
t = 0.14
[-900500,-917100], 
[-999400,30500], 
[-78600,-105700], 
[-147000,263000], 
[441400,392800], 
[-310500,-826100], 
[-460700,-693000], 
[920600,870500], 
[-290300,-973000], 

polynomial:
t = 0.987
[60800,-231400], 
[511600,-693200], 
[-809300,-382400], 
[735400,348700], 
[-620600,-209800], 
[1800,134200], 
[160300,830000], 
[332800,-936100], 
[-792400,-639500], 

----------------------------------------------------------------n = 10
de castelijau:
t = 0.038
[-744300,909800], 
[634500,230600], 
[-274700,-642800], 
[-249800,110800], 
[-892400,-783400], 
[-734400,94800], 
[-165000,-239900], 
[-193000,229800], 
[817900,-795100], 
[-529500,-251000], 

polynomial:
t = 0.953
[212400,127800], 
[-37500,-76900], 
[790900,189700], 
[-744000,779100], 
[705000,205400], 
[-442300,-39200], 
[-499500,54500], 
[208800,-751500], 
[618900,195000], 
[-872400,-117100], 

----------------------------------------------------------------n = 11
de castelijau:
t = 0.056
[-396900,-640200], 
[-17800,-662300], 
[-184000,-252900], 
[-442500,360300], 
[92400,691800], 
[452300,-150100], 
[852600,-144500], 
[-342000,-779400], 
[-609900,687900], 
[-801600,-480800], 
[-215100,-521600], 

polynomial:
t = 0.998
[-34400,235700], 
[-602700,-708800], 
[845800,-815200], 
[-400700,379900], 
[-842300,-811200], 
[-636400,97400], 
[-213900,-603400], 
[-313000,-451900], 
[-163400,-275500], 
[34500,-900800], 
[-739400,-437200], 

----------------------------------------------------------------n = 12
de castelijau:
t = 0.061
[-777600,-902500], 
[-466200,-627100], 
[-672700,536100], 
[-278000,176200], 
[602400,-389400], 
[-531400,-4000], 
[-672400,-190400], 
[-358500,-684700], 
[646700,-11400], 
[452800,-987600], 
[-428000,-789100], 
[48900,617800], 

polynomial:
t = 0.982
[-67600,-214400], 
[698500,204400], 
[-905300,-544300], 
[-172800,635200], 
[-518500,-299600], 
[489800,602100], 
[-205300,-880000], 
[-192100,-731200], 
[424100,-946800], 
[-330400,-418600], 
[-168700,-614600], 
[-948300,-845500], 

----------------------------------------------------------------n = 13
de castelijau:
t = 0.055
[501800,-847400], 
[611800,-508500], 
[71600,-829300], 
[608500,-458300], 
[-865600,-643800], 
[-96600,-330600], 
[992300,269300], 
[-48200,38200], 
[-456100,41400], 
[341100,-761500], 
[-891600,233000], 
[-798800,-299700], 
[893400,-803500], 

polynomial:
t = 0.95
[-338600,-719400], 
[24800,-634200], 
[783400,514500], 
[475800,-764600], 
[681800,900200], 
[-433900,-586000], 
[202800,143400], 
[189600,-281500], 
[-600800,574300], 
[-129600,-880500], 
[-269400,-469400], 
[234400,-880500], 
[39800,-397600], 

----------------------------------------------------------------n = 14
de castelijau:
t = 0.074
[-774000,-208200], 
[-757400,-555800], 
[-795800,-676500], 
[924300,-456100], 
[-67500,-47600], 
[-918100,844300], 
[-241800,-228600], 
[-202500,719900], 
[-451200,800300], 
[-832700,608200], 
[-379400,225600], 
[-755000,421500], 
[-385700,-91800], 
[-813800,-436800], 

polynomial:
t = 0.998
[586700,-778500], 
[276000,-66800], 
[321500,230500], 
[-156800,215500], 
[13100,-674900], 
[908500,802700], 
[452600,-608100], 
[332300,150800], 
[499500,-214300], 
[56000,863500], 
[656500,-727400], 
[812400,97100], 
[-929800,-480300], 
[-403600,-292900], 

----------------------------------------------------------------n = 15
de castelijau:
t = 0.003
[653700,-550600], 
[-552900,-544400], 
[-747100,-303900], 
[927400,-328100], 
[-259200,-203800], 
[633000,-743600], 
[981800,5900], 
[-989700,-840200], 
[680200,-306900], 
[-145800,367900], 
[24000,-781100], 
[624200,-979300], 
[-730700,-915700], 
[-350700,-663100], 
[79300,-678900], 

polynomial:
t = 0.98
[-526400,970800], 
[-798300,-659200], 
[513100,-433400], 
[530100,507800], 
[-111700,-266600], 
[860500,201300], 
[-519600,-176800], 
[-406400,400000], 
[-444100,154200], 
[745300,424100], 
[626800,-292000], 
[-291000,-986500], 
[-693900,719700], 
[513200,116200], 
[-666700,-583700], 

----------------------------------------------------------------n = 16
de castelijau:
t = 0.051
[-793600,881200], 
[-291000,-484000], 
[-807100,-722900], 
[-334900,-971500], 
[583900,-169900], 
[-171000,-930900], 
[97400,348400], 
[-922200,121900], 
[189400,-793000], 
[-240300,-193700], 
[-904800,-538100], 
[-599600,-939600], 
[753200,-681600], 
[664700,-780800], 
[254700,147100], 
[717400,-41600], 

polynomial:
t = 0.987
[-814700,-631600], 
[89400,-475700], 
[-74700,-977100], 
[-277000,724500], 
[428800,-615600], 
[-121900,531000], 
[-669200,-847000], 
[827800,-338700], 
[-450100,-382800], 
[-508300,-209100], 
[691900,978500], 
[400400,-312200], 
[-774600,552500], 
[-964600,813100], 
[-588500,456300], 
[240400,732800], 

----------------------------------------------------------------n = 17
de castelijau:
t = 0.721
[337000,987500], 
[-393900,-186700], 
[-298200,-720300], 
[813500,-179600], 
[41900,-229000], 
[-256700,69500], 
[321400,-536000], 
[-278700,-565700], 
[241400,269300], 
[-981700,-800300], 
[-538000,-593900], 
[-218000,-939000], 
[-176300,-681100], 
[-857900,-932000], 
[-267600,-727700], 
[560500,-526400], 
[322200,38100], 

polynomial:
t = 0.987
[925800,-929800], 
[181300,-647100], 
[-942200,273100], 
[31500,-915500], 
[-618000,-756800], 
[-418100,822100], 
[-948700,212600], 
[744700,942300], 
[956900,-853400], 
[-483300,815600], 
[201900,-376400], 
[-246700,-318300], 
[969200,856800], 
[169200,-794500], 
[-374300,-148000], 
[-937300,563800], 
[233600,-883700], 

----------------------------------------------------------------n = 18
de castelijau:
t = 0.101
[-393100,-597400], 
[824800,240100], 
[854800,180400], 
[907600,-770800], 
[-561000,615200], 
[-127300,646100], 
[-385800,258500], 
[-581300,-196400], 
[-402800,-626600], 
[-176800,-801800], 
[-67800,79200], 
[772300,-121700], 
[-57300,298000], 
[-478700,51200], 
[467800,-213500], 
[341200,-802900], 
[-557000,355400], 
[-306800,-662000], 

polynomial:
t = 0.98
[-93900,-924200], 
[-991400,-756200], 
[441900,-87500], 
[385600,946300], 
[-942900,-383900], 
[-675500,182700], 
[-14300,-795100], 
[230500,-577800], 
[-274200,-724600], 
[-641600,980500], 
[-485300,-627100], 
[-656000,-843700], 
[582200,-211100], 
[30600,118100], 
[-138900,-183300], 
[-123600,856900], 
[-188800,-839500], 
[-136800,41800], 

----------------------------------------------------------------n = 19
de castelijau:
t = 0.063
[-871500,-161500], 
[-951800,-348700], 
[-692500,-350700], 
[-916100,-307200], 
[227300,-841100], 
[775900,274800], 
[-176000,31800], 
[-285700,-718900], 
[-475700,-844600], 
[-204500,-890200], 
[-403300,-342200], 
[-439500,386700], 
[120900,-762600], 
[676100,781400], 
[-837800,-142900], 
[497600,-292100], 
[568700,105700], 
[713600,822400], 
[846900,-703100], 

polynomial:
t = 0.994
[-906200,-968700], 
[973600,-93200], 
[-329100,-543600], 
[-696600,-287700], 
[-664400,-972300], 
[-709100,659900], 
[-986500,-723500], 
[-88200,458000], 
[714000,-785600], 
[-755800,-576100], 
[190200,-853000], 
[-985200,-552200], 
[-139300,-466900], 
[-761800,-474700], 
[-997600,-996100], 
[441900,-59700], 
[-3400,58900], 
[433700,93100], 
[-66300,424200], 

----------------------------------------------------------------n = 20
de castelijau:
t = 0.019
[-224000,-875200], 
[-246300,91500], 
[-665700,-357000], 
[-429900,-750600], 
[-889500,-54600], 
[-457900,-916400], 
[-250300,-573200], 
[-17300,32800], 
[164100,686600], 
[-722300,793300], 
[-383400,-866200], 
[-756400,103100], 
[-815800,-268800], 
[-629400,-132500], 
[170900,-48600], 
[298900,-135400], 
[-42900,-211500], 
[-508700,-652500], 
[46000,-951000], 
[-761500,-940900], 

polynomial:
t = 0.975
[-833900,-32200], 
[-784400,320900], 
[80900,-419600], 
[63100,-649900], 
[55800,-396100], 
[909700,-57300], 
[718000,956800], 
[-929900,-289300], 
[-863200,691500], 
[-311300,-172600], 
[379600,760600], 
[-22000,-578300], 
[907800,-850100], 
[-664100,41900], 
[148200,109000], 
[-552700,632800], 
[-964800,910400], 
[-351600,255100], 
[-35500,-982400], 
[215900,224900], 

----------------------------------------------------------------