n = 1
de castelijau:
t = 0.757
[-6.605e-006,8.026e-006], 

polynomial:
t = 0.978
[-8.299e-006,7.94e-007], 

----------------------------------------------------------------n = 2
de castelijau:
t = 0.901
[-9.056e-006,1.965e-006], 
[-2.23e-006,-8.397e-006], 

polynomial:
t = 0.89
[6.36e-007,-3.788e-006], 
[-3.315e-006,9.685e-006], 

----------------------------------------------------------------n = 3
de castelijau:
t = 0.998
[-5.423e-006,2.43e-007], 
[-9.744e-006,-9.414e-006], 
[2.345e-006,-6.363e-006], 

polynomial:
t = 0.863
[9.429e-006,-9.623e-006], 
[-2.848e-006,7.535e-006], 
[-1.99e-007,-1.303e-006], 

----------------------------------------------------------------n = 4
de castelijau:
t = 0.929
[6.13e-007,2.94e-007], 
[-8.872e-006,-3.721e-006], 
[-7.411e-006,6.749e-006], 
[5.22e-007,6.427e-006], 

polynomial:
t = 0.972
[1.356e-006,9.473e-006], 
[-9.12e-006,-7.654e-006], 
[3.47e-006,2.145e-006], 
[5.002e-006,9.401e-006], 

----------------------------------------------------------------n = 5
de castelijau:
t = 0.005
[-9.413e-006,-9.075e-006], 
[2.394e-006,-4.875e-006], 
[7.12e-007,1.073e-006], 
[-5.927e-006,-4.567e-006], 
[2.225e-006,-5.149e-006], 

polynomial:
t = 0.895
[1.979e-006,2.616e-006], 
[-1.193e-006,-8.345e-006], 
[-5.79e-006,8.64e-006], 
[2.667e-006,-9.614e-006], 
[2.994e-006,5.542e-006], 

----------------------------------------------------------------n = 6
de castelijau:
t = 0.985
[-5.43e-006,-2.559e-006], 
[1.439e-006,-4.223e-006], 
[-7.012e-006,1.113e-006], 
[-7.895e-006,-6.021e-006], 
[3.05e-007,1.307e-006], 
[4.89e-007,-5.502e-006], 

polynomial:
t = 0.958
[7.748e-006,3.2e-007], 
[-6.462e-006,-6.177e-006], 
[2.35e-006,2.505e-006], 
[-8.072e-006,-4.106e-006], 
[-3.48e-007,-2.705e-006], 
[-9.82e-006,-4.266e-006], 

----------------------------------------------------------------n = 7
de castelijau:
t = 0.089
[-9.782e-006,-9.592e-006], 
[-3.41e-007,-9.126e-006], 
[-4.73e-007,-8.601e-006], 
[1.934e-006,-9.386e-006], 
[-8.874e-006,-4.843e-006], 
[5.351e-006,3.93e-006], 
[-7.559e-006,6.438e-006], 

polynomial:
t = 0.991
[7.012e-006,-4.473e-006], 
[-3.74e-006,7.305e-006], 
[-2.017e-006,-3.565e-006], 
[-6.592e-006,6.675e-006], 
[-9.415e-006,-9.794e-006], 
[7.922e-006,-4.956e-006], 
[6.489e-006,2.02e-006], 

----------------------------------------------------------------n = 8
de castelijau:
t = 0.994
[2.506e-006,-6.603e-006], 
[7.423e-006,1.112e-006], 
[-6.121e-006,-5.722e-006], 
[-3.862e-006,3.698e-006], 
[2.547e-006,-8.87e-006], 
[-1.067e-006,-6.643e-006], 
[9.845e-006,-5.691e-006], 
[6.533e-006,-1.305e-006], 

polynomial:
t = 0.999
[-1.299e-006,-5.467e-006], 
[-8.632e-006,7.847e-006], 
[8.807e-006,4.94e-007], 
[-2.953e-006,-6.386e-006], 
[1.79e-006,-2.95e-007], 
[5.093e-006,8.88e-007], 
[2.53e-006,5.385e-006], 
[-2.6e-007,-5.986e-006], 

----------------------------------------------------------------n = 9
de castelijau:
t = 0.061
[2.639e-006,-8.607e-006], 
[-6.576e-006,-2.366e-006], 
[-4.452e-006,-6.741e-006], 
[-7.112e-006,-4.164e-006], 
[-8.451e-006,-3.077e-006], 
[1.529e-006,-4.368e-006], 
[7.976e-006,-6.343e-006], 
[1.443e-006,1.5e-006], 
[-2.844e-006,4.47e-007], 

polynomial:
t = 1
[2.907e-006,-3.43e-007], 
[-6.162e-006,-4.323e-006], 
[-9.017e-006,-7.219e-006], 
[8.797e-006,-7.552e-006], 
[-1.581e-006,2.383e-006], 
[5.415e-006,1.616e-006], 
[-6.064e-006,1.83e-006], 
[-7.79e-007,-3.289e-006], 
[-9.143e-006,1.539e-006], 

----------------------------------------------------------------n = 10
de castelijau:
t = 0.08
[1.661e-006,-9.666e-006], 
[-3.081e-006,-8.851e-006], 
[6.62e-006,-7.159e-006], 
[2.369e-006,-1.622e-006], 
[5.449e-006,5.739e-006], 
[1.894e-006,9.62e-007], 
[-9.357e-006,-5.05e-007], 
[-9.369e-006,-8.34e-007], 
[5.025e-006,-9.677e-006], 
[-6.86e-007,-9.882e-006], 

polynomial:
t = 0.973
[-8.973e-006,7.724e-006], 
[4.057e-006,6.011e-006], 
[-6.553e-006,9.144e-006], 
[7.312e-006,1.115e-006], 
[-6.614e-006,5.462e-006], 
[-5.315e-006,6.437e-006], 
[-3.958e-006,-5.874e-006], 
[-5.07e-006,9.221e-006], 
[-7.453e-006,-3.465e-006], 
[8.61e-006,-3.3e-006], 

----------------------------------------------------------------n = 11
de castelijau:
t = 0.956
[-3.67e-007,9.597e-006], 
[-8.74e-006,-1.341e-006], 
[-5.048e-006,-3.396e-006], 
[-3.26e-006,1.845e-006], 
[9.561e-006,-4.997e-006], 
[8.579e-006,4.946e-006], 
[-4.988e-006,2.4e-008], 
[-9.66e-006,1.212e-006], 
[-3.473e-006,-9.757e-006], 
[-9.809e-006,-7.879e-006], 
[2.613e-006,5.356e-006], 

polynomial:
t = 0.987
[-7.432e-006,-5.206e-006], 
[-3.772e-006,8.635e-006], 
[-5.442e-006,9.045e-006], 
[1.405e-006,-6.233e-006], 
[-3.411e-006,7.3e-006], 
[7.515e-006,-1e-008], 
[-1.52e-006,2.67e-007], 
[-4.435e-006,-2.145e-006], 
[-5.971e-006,-7.89e-006], 
[1.277e-006,-8.036e-006], 
[-9.87e-007,4.819e-006], 

----------------------------------------------------------------n = 12
de castelijau:
t = 0.981
[-3.259e-006,-8.211e-006], 
[-8.11e-007,-1.258e-006], 
[1.559e-006,1.464e-006], 
[2.47e-007,-9.309e-006], 
[-2.128e-006,-8.883e-006], 
[9.16e-007,1.68e-007], 
[-9.117e-006,-2.461e-006], 
[-8.284e-006,-1.5e-008], 
[4.994e-006,8.986e-006], 
[7.113e-006,9.669e-006], 
[-8.634e-006,-5.97e-006], 
[-1.179e-006,4.968e-006], 

polynomial:
t = 0.974
[2.94e-007,-2.36e-007], 
[-1.735e-006,-8.435e-006], 
[8.129e-006,-5.75e-006], 
[-1.52e-007,-4.082e-006], 
[9.55e-006,5.011e-006], 
[-7.355e-006,9.722e-006], 
[1.608e-006,-3.411e-006], 
[-4.287e-006,-5.88e-006], 
[-8.778e-006,2.484e-006], 
[6.013e-006,9.928e-006], 
[-2.305e-006,-7.456e-006], 
[-1.829e-006,-8.866e-006], 

----------------------------------------------------------------n = 13
de castelijau:
t = 0.997
[-5.31e-006,-2.65e-006], 
[4.433e-006,4.245e-006], 
[1.391e-006,7.934e-006], 
[-4.761e-006,-2.663e-006], 
[-6.746e-006,8.653e-006], 
[1.753e-006,7.915e-006], 
[-2.307e-006,-1.245e-006], 
[2.94e-007,7.6e-007], 
[-4.935e-006,8.994e-006], 
[8.44e-006,-1.71e-007], 
[-1.424e-006,-8.013e-006], 
[-9.853e-006,-7.315e-006], 
[-2.384e-006,3.097e-006], 

polynomial:
t = 0.95
[-3.386e-006,-7.194e-006], 
[2.48e-007,-6.342e-006], 
[7.834e-006,5.145e-006], 
[4.758e-006,-7.646e-006], 
[6.818e-006,9.002e-006], 
[-4.339e-006,-5.86e-006], 
[2.028e-006,1.434e-006], 
[1.896e-006,-2.815e-006], 
[-6.008e-006,5.743e-006], 
[-1.296e-006,-8.805e-006], 
[-2.694e-006,-4.694e-006], 
[2.344e-006,-8.805e-006], 
[3.98e-007,-3.976e-006], 

----------------------------------------------------------------n = 14
de castelijau:
t = 0.986
[-3.42e-006,-8.844e-006], 
[2.369e-006,-8.246e-006], 
[-6.668e-006,-1.057e-006], 
[-4.369e-006,-8.443e-006], 
[2.111e-006,-7.7e-006], 
[3.3e-007,9.481e-006], 
[-7.98e-006,-3.405e-006], 
[-4.702e-006,-5.351e-006], 
[-1.842e-006,3.161e-006], 
[-8.652e-006,2.101e-006], 
[7.693e-006,2.379e-006], 
[1.456e-006,-1.352e-006], 
[-4.063e-006,-9.368e-006], 
[-8.582e-006,7.777e-006], 

polynomial:
t = 0.979
[-9.796e-006,2.018e-006], 
[-4.089e-006,-9.309e-006], 
[-1.741e-006,-5.524e-006], 
[-2.308e-006,-3.016e-006], 
[-1.973e-006,6.662e-006], 
[2.252e-006,-6.352e-006], 
[1.901e-006,4.288e-006], 
[9.079e-006,2.749e-006], 
[1.81e-007,-3.873e-006], 
[-1.826e-006,-5.517e-006], 
[-3.9e-008,-5.595e-006], 
[-7.469e-006,-1.052e-006], 
[-5.201e-006,-8.597e-006], 
[-7.148e-006,3.31e-006], 

----------------------------------------------------------------n = 15
de castelijau:
t = 0.994
[7.44e-007,-6.608e-006], 
[-6.947e-006,1.757e-006], 
[-1.93e-007,2.32e-007], 
[-6.162e-006,-5.089e-006], 
[3.218e-006,6.358e-006], 
[-9.18e-007,8.24e-007], 
[-8.4e-007,3.63e-007], 
[-8.947e-006,1.548e-006], 
[-1.898e-006,-3.087e-006], 
[-2.483e-006,-1.731e-006], 
[-5.267e-006,6.759e-006], 
[-9.927e-006,8.693e-006], 
[-3.91e-006,-8.022e-006], 
[-1.754e-006,5.73e-007], 
[-9.436e-006,-7.813e-006], 

polynomial:
t = 0.977
[5.67e-007,8.983e-006], 
[-7.959e-006,4.7e-008], 
[-2.034e-006,-7.376e-006], 
[-5.02e-006,-6.017e-006], 
[5.915e-006,-7.31e-006], 
[-7.579e-006,1.78e-007], 
[-3.389e-006,-9.41e-006], 
[8.11e-007,6.69e-007], 
[-9.968e-006,-9.97e-006], 
[6.401e-006,-4.98e-006], 
[3.377e-006,2.587e-006], 
[-6.746e-006,7.633e-006], 
[4.518e-006,-6.022e-006], 
[-6.573e-006,-5.932e-006], 
[9.664e-006,-5.657e-006], 

----------------------------------------------------------------n = 16
de castelijau:
t = 0.923
[-5.927e-006,-2.607e-006], 
[-5.945e-006,-1.573e-006], 
[8.732e-006,-1.489e-006], 
[9.343e-006,-8.062e-006], 
[-2.603e-006,-2.159e-006], 
[5.52e-006,-9.97e-006], 
[7.761e-006,9.925e-006], 
[-8.13e-006,-2.139e-006], 
[-3.386e-006,2.261e-006], 
[-9.638e-006,-4.539e-006], 
[3.692e-006,-5.747e-006], 
[1.654e-006,-2.747e-006], 
[-6.195e-006,-7.015e-006], 
[3.547e-006,-9.253e-006], 
[6.113e-006,-6.866e-006], 
[-8.483e-006,-9.222e-006], 

polynomial:
t = 0.955
[-2.321e-006,2.089e-006], 
[3.73e-007,-7.65e-006], 
[-4.987e-006,1.426e-006], 
[-9.677e-006,-7.359e-006], 
[7.59e-007,4.68e-006], 
[-4.909e-006,1.676e-006], 
[7.59e-007,8.615e-006], 
[-6.403e-006,-9.87e-006], 
[5.98e-006,-1.195e-006], 
[-5.64e-006,-3.472e-006], 
[-7.778e-006,-2.66e-006], 
[-6.951e-006,-6.638e-006], 
[3.3e-007,-4.116e-006], 
[-4.53e-007,-2.985e-006], 
[-3.955e-006,-8.957e-006], 
[-1.101e-006,-9.511e-006], 

----------------------------------------------------------------n = 17
de castelijau:
t = 0.002
[8.6e-008,8.785e-006], 
[-1.244e-006,-6.575e-006], 
[-4.596e-006,-4.507e-006], 
[7.112e-006,-5.402e-006], 
[4.109e-006,7.554e-006], 
[8.471e-006,-5.526e-006], 
[-9.46e-007,3.539e-006], 
[4.864e-006,-6.048e-006], 
[1.82e-007,2.716e-006], 
[-4.544e-006,4.835e-006], 
[-1.114e-006,-5.433e-006], 
[2.741e-006,-2.747e-006], 
[-7.85e-006,-5.287e-006], 
[-1.353e-006,-4.14e-006], 
[-3.194e-006,2.628e-006], 
[1.63e-007,7.078e-006], 
[2.098e-006,-8.348e-006], 

polynomial:
t = 0.934
[9.73e-006,-6.699e-006], 
[-9.672e-006,-2.177e-006], 
[-7.735e-006,5.96e-006], 
[-5.954e-006,-3.751e-006], 
[-6.782e-006,4.168e-006], 
[9.893e-006,-9.678e-006], 
[-5.233e-006,-2.699e-006], 
[9.882e-006,-4.6e-008], 
[-3.672e-006,2.654e-006], 
[4.232e-006,-4.784e-006], 
[-5.77e-006,-9.073e-006], 
[-3.564e-006,7.43e-007], 
[5.14e-007,-9.48e-007], 
[-2.44e-007,2.69e-006], 
[-3.03e-006,3.644e-006], 
[2.847e-006,-3.618e-006], 
[-2.636e-006,4.807e-006], 

----------------------------------------------------------------n = 18
de castelijau:
t = 0.139
[-1.28e-007,-8.015e-006], 
[-8.5e-006,-5.291e-006], 
[-7.933e-006,-8.972e-006], 
[1.465e-006,-5.2e-006], 
[-2.575e-006,2.388e-006], 
[6.14e-007,-8.084e-006], 
[4.71e-007,-6.766e-006], 
[-6.917e-006,-8.162e-006], 
[-6.203e-006,-2.096e-006], 
[6.533e-006,-6.184e-006], 
[-9.825e-006,2.483e-006], 
[-6.429e-006,4.17e-007], 
[-5.871e-006,-8.184e-006], 
[-1.792e-006,-7.317e-006], 
[1.412e-006,-2.457e-006], 
[-9.238e-006,2.054e-006], 
[-7.987e-006,-5.996e-006], 
[-8.55e-006,6.031e-006], 

polynomial:
t = 0.995
[-9.298e-006,-6.555e-006], 
[-6.77e-006,6.234e-006], 
[1.169e-006,-7.258e-006], 
[5.508e-006,9.57e-006], 
[3.314e-006,-2.187e-006], 
[-8.122e-006,-1.322e-006], 
[4.327e-006,-7.523e-006], 
[-7.399e-006,-1.293e-006], 
[-4.977e-006,-5.779e-006], 
[1.356e-006,9.12e-006], 
[-3.009e-006,-4.833e-006], 
[-1.423e-006,4.812e-006], 
[9.83e-007,7.579e-006], 
[-5.873e-006,-4.832e-006], 
[6.837e-006,-8.834e-006], 
[-2.215e-006,9.41e-007], 
[4.365e-006,9.16e-007], 
[1.336e-006,-1.113e-006], 

----------------------------------------------------------------n = 19
de castelijau:
t = 0.065
[9.254e-006,3.508e-006], 
[9.815e-006,1.852e-006], 
[9.232e-006,3.899e-006], 
[-1.522e-006,-7.804e-006], 
[-7.06e-007,6.069e-006], 
[7.28e-007,5.086e-006], 
[9.487e-006,-7.182e-006], 
[7.857e-006,-8.829e-006], 
[5.115e-006,1.754e-006], 
[-4.811e-006,-5.273e-006], 
[-7.815e-006,7.962e-006], 
[-3.764e-006,5.93e-006], 
[2.303e-006,-8.295e-006], 
[9.446e-006,1.284e-006], 
[-3.86e-006,-3.21e-006], 
[-9.595e-006,9e-006], 
[-3.706e-006,9.71e-006], 
[-8.547e-006,1.893e-006], 
[-6.692e-006,3.544e-006], 

polynomial:
t = 0.986
[-4.964e-006,1.81e-006], 
[-8.906e-006,-8.438e-006], 
[-1.343e-006,-5.328e-006], 
[-9.611e-006,-5.898e-006], 
[7.957e-006,-3.259e-006], 
[-4.09e-006,8.61e-007], 
[3.48e-006,-3.869e-006], 
[-7.847e-006,8.638e-006], 
[-1.359e-006,-3.744e-006], 
[-5.728e-006,2.796e-006], 
[-9.381e-006,-7.645e-006], 
[-6.118e-006,-3.714e-006], 
[8.01e-007,5.75e-006], 
[5.93e-007,-8.731e-006], 
[-4.954e-006,-8.192e-006], 
[-9.501e-006,8.377e-006], 
[2.794e-006,-1.768e-006], 
[1.602e-006,-5.52e-007], 
[1.864e-006,-3.566e-006], 

----------------------------------------------------------------n = 20
de castelijau:
t = 0.005
[-9.752e-006,-5.06e-006], 
[-1.1e-006,-5.886e-006], 
[-2e-008,1.614e-006], 
[2.642e-006,7.703e-006], 
[5.414e-006,9.076e-006], 
[-1.079e-006,4.099e-006], 
[-1.864e-006,9.782e-006], 
[8.491e-006,-5.895e-006], 
[-8.969e-006,3.887e-006], 
[-4.032e-006,2.905e-006], 
[3.577e-006,7.658e-006], 
[-5.803e-006,3.405e-006], 
[-6.42e-006,-3.383e-006], 
[6.159e-006,2.064e-006], 
[-5.59e-006,-1.843e-006], 
[7.395e-006,-3.241e-006], 
[3.378e-006,-6.318e-006], 
[-6.968e-006,4.297e-006], 
[2.448e-006,-6.023e-006], 
[-8.051e-006,-5.874e-006], 

polynomial:
t = 1
[4.367e-006,1.982e-006], 
[-3.464e-006,2.54e-007], 
[-2.005e-006,-1.193e-006], 
[1.262e-006,1.862e-006], 
[-9.835e-006,-3.436e-006], 
[-7.167e-006,2.001e-006], 
[-1.24e-006,-3.75e-006], 
[6.262e-006,5.247e-006], 
[-7.941e-006,-4.72e-006], 
[9.539e-006,3.291e-006], 
[-2.857e-006,-6.29e-007], 
[2.725e-006,-3.547e-006], 
[-3.123e-006,-6.232e-006], 
[-1.47e-007,1.204e-006], 
[6.345e-006,5.047e-006], 
[1.657e-006,-5.829e-006], 
[-7.838e-006,-3.138e-006], 
[-5.876e-006,-5.173e-006], 
[4.661e-006,6.66e-007], 
[-2.536e-006,3.323e-006], 

----------------------------------------------------------------