n = 1
de castelijau:
t = 0.757
[-0.0006605,0.0008026], 

polynomial:
t = 0.827
[0.0003467,-0.000328], 

----------------------------------------------------------------n = 2
de castelijau:
t = 0.281
[0.0008747,-0.0009161], 
[-0.0009481,-0.0009189], 

polynomial:
t = 0.955
[-0.0008277,0.0009495], 
[-0.0003803,-0.0009222], 

----------------------------------------------------------------n = 3
de castelijau:
t = 0.003
[0.0009019,-0.0009831], 
[-0.0001525,-0.0008132], 
[-0.0003779,-0.000648], 

polynomial:
t = 0.896
[-0.0009925,-0.0002254], 
[0.0009943,2.9e-006], 
[-0.0005248,-0.0003008], 

----------------------------------------------------------------n = 4
de castelijau:
t = 0.151
[0.000201,-0.0003097], 
[0.0005001,-0.0009866], 
[-0.0002132,-0.0007486], 
[-0.0008629,0.0002717], 

polynomial:
t = 0.946
[-0.0009803,0.0001423], 
[0.0007789,-0.0001859], 
[-0.0009346,-0.0004655], 
[0.0009998,-0.0001052], 

----------------------------------------------------------------n = 5
de castelijau:
t = 0.052
[-0.0003043,-0.0006394], 
[0.0007822,-0.0007045], 
[-0.0002539,-0.0004855], 
[-0.0002372,-0.0002358], 
[-0.0003373,6.87e-005], 

polynomial:
t = 0.89
[-0.0008783,0.0001597], 
[-0.0009091,0.0006746], 
[-3.1e-006,-0.0009345], 
[-0.000948,4.25e-005], 
[0.0006187,0.0002262], 

----------------------------------------------------------------n = 6
de castelijau:
t = 0.918
[-0.0001995,-0.000394], 
[-0.0009983,-0.0006223], 
[-7.77e-005,-0.000837], 
[-0.0004545,-0.0001225], 
[-0.0007458,-6.65e-005], 
[0.0004298,0.0009847], 

polynomial:
t = 0.934
[0.0005925,-0.0004142], 
[-0.0007673,-0.0006045], 
[0.0006225,-0.0007505], 
[-0.0009586,-0.0004433], 
[0.0003083,-0.0003867], 
[-0.0001026,-0.000933], 

----------------------------------------------------------------n = 7
de castelijau:
t = 0.078
[-0.0006445,0.0002724], 
[-0.0009782,-0.0002091], 
[0.0006673,-0.0007937], 
[0.000631,0.000251], 
[-0.0002646,0.000743], 
[-0.0008908,-0.0007243], 
[-1.59e-005,9.66e-005], 

polynomial:
t = 0.97
[-0.0002578,-0.000593], 
[-0.0009816,-2.09e-005], 
[0.0009813,-0.0009087], 
[-0.0008304,-0.0004371], 
[-0.0008728,0.0005075], 
[-0.0009607,-0.0002069], 
[-0.0001288,0.0008176], 

----------------------------------------------------------------n = 8
de castelijau:
t = 0.004
[-0.0009143,-0.0001609], 
[-0.000591,-0.0007297], 
[2.29e-005,-1.31e-005], 
[0.0004386,-0.0003555], 
[0.0008679,-0.000918], 
[-7.5e-005,-0.0007106], 
[-0.0002368,-0.0005889], 
[0.0007149,5.87e-005], 

polynomial:
t = 0.965
[-0.0006142,-0.0007003], 
[-0.0008116,-0.0004106], 
[-0.0007122,-0.0009482], 
[0.0001306,0.0004489], 
[-0.0009795,0.0006868], 
[-0.0007419,0.0007781], 
[0.0002778,0.0006766], 
[0.0006857,-0.0002943], 

----------------------------------------------------------------n = 9
de castelijau:
t = 0.126
[0.0005062,-0.0002271], 
[-7.59e-005,-0.0009937], 
[-0.0003173,-0.0004952], 
[-0.000142,-0.0007162], 
[3.55e-005,-0.0007838], 
[0.0001597,-1.72e-005], 
[-0.0001402,-0.0004322], 
[-0.000791,0.0002177], 
[0.0009008,0.0001226], 

polynomial:
t = 0.992
[0.0008797,-0.0004267], 
[-0.0006846,-0.0006387], 
[0.0006082,6.89e-005], 
[-0.0008529,-0.0002371], 
[-0.0003102,0.0004606], 
[-0.0002566,0.0007847], 
[-0.0005201,-0.0007816], 
[-0.0007841,0.0006109], 
[-0.0003264,0.0003217], 

----------------------------------------------------------------n = 10
de castelijau:
t = 0.996
[-0.000795,0.0009405], 
[-0.0004302,-0.0007511], 
[5.29e-005,-0.0008106], 
[-0.000743,-6.22e-005], 
[-0.0007631,-0.0003001], 
[-0.0006277,-0.0007255], 
[-0.0005422,-0.0002186], 
[-0.0009065,0.0001728], 
[0.000273,0.0002713], 
[-0.0008556,9.45e-005], 

polynomial:
t = 0.994
[-0.0001695,-9.46e-005], 
[0.0002222,-0.0008212], 
[-0.0003675,0.00085], 
[-0.00076,-0.0006889], 
[-0.000244,-0.0003396], 
[-0.0006669,-0.0002798], 
[-0.0004939,-0.0005433], 
[0.0001035,0.0001852], 
[-0.0006141,0.000334], 
[-0.000678,-0.0001191], 

----------------------------------------------------------------n = 11
de castelijau:
t = 0.019
[-0.0007542,-0.0002026], 
[-0.0008833,-2.08e-005], 
[-0.0006593,-0.0001405], 
[-0.0007081,-0.0009428], 
[-0.0007667,1.11e-005], 
[-0.0004497,0.0008151], 
[0.0004691,-0.0001034], 
[-0.0004582,6.54e-005], 
[-0.0008668,-0.0006718], 
[-0.000907,-0.0001417], 
[0.0002492,-0.0008809], 

polynomial:
t = 0.944
[-0.0004085,0.000541], 
[-0.0004091,-0.0009512], 
[0.0009839,-0.0006775], 
[-0.0007594,-0.00054], 
[0.0003604,1.35e-005], 
[-0.0009477,0.0009507], 
[-0.00084,-0.0001758], 
[-0.0004438,-0.0007028], 
[-0.0009201,-0.0007564], 
[-0.0007951,0.0009361], 
[-0.0004228,0.0008995], 

----------------------------------------------------------------n = 12
de castelijau:
t = 0.061
[-0.0007776,-0.0009025], 
[-0.0004662,-0.0006271], 
[-0.0006727,0.0005361], 
[-0.000278,0.0001762], 
[0.0006024,-0.0003894], 
[-0.0005314,-4e-006], 
[-0.0006724,-0.0001904], 
[-0.0003585,-0.0006847], 
[0.0006467,-1.14e-005], 
[0.0004528,-0.0009876], 
[-0.000428,-0.0007891], 
[4.89e-005,0.0006178], 

polynomial:
t = 0.971
[-0.0005992,0.0009288], 
[-0.0001906,0.0003154], 
[-0.0009521,-0.0004542], 
[0.0009207,-0.0008668], 
[-0.000982,0.0001525], 
[0.0003974,9.94e-005], 
[-0.0004814,-0.0003522], 
[-0.0006611,-6.7e-006], 
[0.0002123,-0.0009381], 
[0.0001962,0.0007731], 
[-0.0007286,0.0009928], 
[0.0005748,4.26e-005], 

----------------------------------------------------------------n = 13
de castelijau:
t = 0.065
[-0.0001313,-0.0007882], 
[-0.0006673,-0.0009065], 
[-0.0006889,0.000481], 
[0.000302,0.0001351], 
[-0.0001576,0.0003881], 
[-0.0003064,-0.0009496], 
[0.0006651,0.00095], 
[9.3e-006,-0.0005762], 
[-0.0005165,-0.0003818], 
[-0.0008225,-0.0005092], 
[1.66e-005,0.0007899], 
[0.0006458,-0.0004295], 
[2.51e-005,-0.0006113], 

polynomial:
t = 1
[0.0001388,1.67e-005], 
[-0.0008606,-0.0007231], 
[-0.0008724,0.0007646], 
[-0.0009053,0.0004881], 
[0.000349,0.0008758], 
[-0.000475,-4.11e-005], 
[0.0003231,0.0005006], 
[0.0002272,-0.0004675], 
[0.0001821,-0.0008251], 
[-0.0007359,0.0003075], 
[-0.0009976,-0.0001494], 
[-0.000356,-0.0008632], 
[-0.0005793,-0.0003114], 

----------------------------------------------------------------n = 14
de castelijau:
t = 0.046
[-1.84e-005,-0.0008361], 
[-0.0005373,-0.0005777], 
[0.0006258,-0.0008639], 
[-0.0008382,-0.0002558], 
[6.3e-006,-0.0007072], 
[0.0009358,-0.0004512], 
[6.47e-005,0.0004064], 
[-0.000407,7.61e-005], 
[-0.0001528,-0.0002592], 
[6.95e-005,-0.0003674], 
[-0.0007998,-0.0004761], 
[0.0007837,0.0001887], 
[-0.0008477,0.0003394], 
[-0.000704,-0.0007222], 

polynomial:
t = 0.985
[0.0002691,-1.16e-005], 
[-0.0004064,0.000948], 
[0.0004205,0.0005568], 
[-0.0001231,-0.0001871], 
[0.0007041,-0.0006583], 
[-0.0008799,-0.0009067], 
[-0.0004304,-0.0009276], 
[-0.0007825,7.18e-005], 
[0.0002525,-7.7e-005], 
[-0.0008639,0.0007226], 
[0.0001819,-0.0005173], 
[0.0007946,-0.0007922], 
[0.0002451,-2.93e-005], 
[-0.0003187,-0.0006737], 

----------------------------------------------------------------n = 15
de castelijau:
t = 0.279
[2.13e-005,-0.000887], 
[-0.0005326,-0.0007841], 
[0.0001149,-0.000861], 
[0.0006303,-0.0009048], 
[0.0002076,-0.0004736], 
[-0.0005251,-0.0001919], 
[0.0001432,-0.0007139], 
[0.0004263,-0.0006547], 
[-0.0002082,-0.0009101], 
[-0.0007607,0.0002576], 
[-0.0008629,-0.0006243], 
[-3.4e-005,0.0004428], 
[-7.82e-005,0.0003743], 
[-0.0008659,0.0006768], 
[-0.0001327,0.000624], 

polynomial:
t = 0.97
[0.0006767,-0.0003171], 
[0.0004102,0.0002239], 
[-0.0007129,-0.0002692], 
[-8.92e-005,0.0001349], 
[-0.0007006,-0.0004544], 
[0.0007101,-0.0004778], 
[-0.0004497,-4.74e-005], 
[0.0002209,0.000973], 
[0.0002466,-0.0007869], 
[-0.0003285,0.0001035], 
[0.0002313,4.12e-005], 
[-0.0005745,0.0004134], 
[0.0001502,0.0006616], 
[-0.0006349,-0.0005832], 
[0.0001272,-0.0001254], 

----------------------------------------------------------------n = 16
de castelijau:
t = 0.061
[-0.0007384,-5.36e-005], 
[-0.000847,0.0004811], 
[-0.0003033,8.43e-005], 
[-0.0001059,-0.0007244], 
[-0.0004232,-0.000598], 
[-0.000309,0.0001664], 
[-0.0007062,-0.0007462], 
[-0.000748,-0.0006256], 
[-0.0009605,-0.0008834], 
[-0.0007109,-0.0002163], 
[-0.000364,-0.0006422], 
[-0.0008875,-0.0002221], 
[-0.0002679,0.0002697], 
[1.8e-006,-0.000674], 
[-0.0006186,-0.0002561], 
[0.0004852,0.0005947], 

polynomial:
t = 1
[-0.00044,-0.0008233], 
[5.6e-005,9.95e-005], 
[-0.0008962,-0.0004443], 
[-0.0001011,0.0004492], 
[0.0002208,-0.0009748], 
[-0.0005861,0.0003833], 
[1.8e-005,-0.0002765], 
[-0.0008521,0.0008451], 
[-0.0008312,-5.1e-006], 
[0.0005709,0.0003634], 
[5.85e-005,-0.000276], 
[-0.0001349,-0.0005034], 
[-0.0001574,-0.0003453], 
[-0.0009602,0.0002846], 
[0.0008617,-0.0004654], 
[0.0003523,-0.0001827], 

----------------------------------------------------------------n = 17
de castelijau:
t = 0.973
[-2.2e-005,-0.0001656], 
[-0.000168,-0.000671], 
[-0.0003942,0.000864], 
[0.0005631,-0.0004903], 
[-0.0008363,-0.000456], 
[-7.38e-005,0.00052], 
[0.0007388,-0.0001566], 
[-0.0009089,-1.9e-005], 
[9.61e-005,0.0002175], 
[-0.0001577,0.000173], 
[-0.000868,0.0002343], 
[-0.0003585,-1.92e-005], 
[-0.0005104,-0.000714], 
[0.0003058,-0.000306], 
[-0.0004332,-0.0004094], 
[-0.0002663,-0.0004002], 
[-6.43e-005,-8.19e-005], 

polynomial:
t = 0.932
[-2.15e-005,-0.0002664], 
[-0.0001634,0.0003776], 
[-0.0009773,0.0007012], 
[0.0009952,-0.0009193], 
[-0.0005828,-0.000775], 
[-0.000677,-0.0009678], 
[-0.0003405,0.0009016], 
[-6.31e-005,-0.0009372], 
[-0.0004946,-0.000642], 
[-0.0004114,-0.0006486], 
[-0.0008245,0.0008727], 
[-0.0003337,0.0009626], 
[0.000664,-0.0007155], 
[-0.0009174,-0.0009218], 
[0.0008978,-0.0004387], 
[0.0002193,-0.0002974], 
[-0.0005828,-0.0002343], 

----------------------------------------------------------------n = 18
de castelijau:
t = 0.522
[-0.0002404,0.0005249], 
[0.0005606,-0.0007416], 
[-0.0007976,-7.83e-005], 
[-0.0009665,0.0001602], 
[-0.0005475,-0.0005531], 
[7.87e-005,0.0005231], 
[-0.0007872,-0.0004558], 
[-0.0009736,-0.0009696], 
[-0.0008877,-0.000924], 
[-2.2e-006,-0.000956], 
[-0.0002159,-0.0007129], 
[-0.0003203,-0.0009494], 
[-0.000704,0.000261], 
[0.0007247,-0.0001069], 
[-0.0004945,0.0001386], 
[-0.0004519,-0.0001274], 
[-0.0009853,-0.0008267], 
[0.0006801,-0.0009164], 

polynomial:
t = 0.978
[0.0003067,-0.0008003], 
[-0.0005925,-3.85e-005], 
[-0.0007245,-0.0004149], 
[0.0007241,-0.0009617], 
[-0.0007527,-0.0006569], 
[0.0007153,-0.0005668], 
[-0.0008547,-0.0006309], 
[-0.000789,-0.0009333], 
[-0.0001939,-0.0003644], 
[0.0002734,0.0005145], 
[4.67e-005,0.0005055], 
[0.0009019,-0.0007842], 
[-0.0009346,-0.0007827], 
[0.0003483,-0.0003594], 
[-0.0008187,7.66e-005], 
[-0.0006219,0.0004256], 
[4.1e-006,-0.0007523], 
[-0.0009515,-6.08e-005], 

----------------------------------------------------------------n = 19
de castelijau:
t = 0.065
[0.0009254,0.0003508], 
[0.0009815,0.0001852], 
[0.0009232,0.0003899], 
[-0.0001522,-0.0007804], 
[-7.06e-005,0.0006069], 
[7.28e-005,0.0005086], 
[0.0009487,-0.0007182], 
[0.0007857,-0.0008829], 
[0.0005115,0.0001754], 
[-0.0004811,-0.0005273], 
[-0.0007815,0.0007962], 
[-0.0003764,0.000593], 
[0.0002303,-0.0008295], 
[0.0009446,0.0001284], 
[-0.000386,-0.000321], 
[-0.0009595,0.0009], 
[-0.0003706,0.000971], 
[-0.0008547,0.0001893], 
[-0.0006692,0.0003544], 

polynomial:
t = 0.986
[-0.0004964,0.000181], 
[-0.0008906,-0.0008438], 
[-0.0001343,-0.0005328], 
[-0.0009611,-0.0005898], 
[0.0007957,-0.0003259], 
[-0.000409,8.61e-005], 
[0.000348,-0.0003869], 
[-0.0007847,0.0008638], 
[-0.0001359,-0.0003744], 
[-0.0005728,0.0002796], 
[-0.0009381,-0.0007645], 
[-0.0006118,-0.0003714], 
[8.01e-005,0.000575], 
[5.93e-005,-0.0008731], 
[-0.0004954,-0.0008192], 
[-0.0009501,0.0008377], 
[0.0002794,-0.0001768], 
[0.0001602,-5.52e-005], 
[0.0001864,-0.0003566], 

----------------------------------------------------------------n = 20
de castelijau:
t = 0.028
[0.0008954,-0.0009353], 
[-0.0002561,-0.0009959], 
[-0.000503,-0.0003459], 
[-5.21e-005,-0.0002234], 
[0.0006555,-0.000795], 
[-0.000356,-0.0003436], 
[-0.0009975,0.0008926], 
[-0.0004372,-0.000549], 
[7.6e-005,0.0002459], 
[-1.03e-005,0.0001748], 
[-0.0004173,0.0002549], 
[0.0002801,-0.0008954], 
[-0.0005707,-0.0002455], 
[-0.0002237,1.25e-005], 
[0.0004124,-0.0006416], 
[-0.00018,0.0005818], 
[-0.0004295,0.0001729], 
[-0.0001507,-0.0005184], 
[-0.0002035,-0.0004363], 
[-0.0002148,0.0004898], 

polynomial:
t = 0.995
[-0.0001641,0.000881], 
[-0.0004699,0.0005836], 
[-0.0006628,0.0005619], 
[-0.0007642,0.0006699], 
[1.13e-005,-0.0002314], 
[-0.0009625,-0.0007512], 
[0.0006819,-0.0002452], 
[6.23e-005,-0.0003016], 
[6.35e-005,-6.15e-005], 
[-0.0001827,0.000958], 
[0.0005511,-0.0004396], 
[0.0001346,-0.0004281], 
[-0.0004808,-0.0002522], 
[-1.52e-005,-0.0003659], 
[-1.47e-005,-0.0001704], 
[-0.0004205,-0.0005314], 
[0.0003377,0.0006664], 
[-0.0001877,-0.0003082], 
[0.0006432,0.0004155], 
[-0.0003718,0.0002171], 

----------------------------------------------------------------