n = 1
de castelijau:
t = 0.757
[-6.605,8.026], 

polynomial:
t = 0.894
[8.064,-1.726], 

----------------------------------------------------------------n = 2
de castelijau:
t = 0.918
[-6.856,0.446], 
[0.599,-6.503], 

polynomial:
t = 0.886
[-6.507,0.253], 
[8.126,-8.887], 

----------------------------------------------------------------n = 3
de castelijau:
t = 0.062
[9.033,-0.363], 
[4.457,-6.891], 
[9.633,1.208], 

polynomial:
t = 0.92
[8.304,-9.171], 
[-9.722,5.652], 
[9.91,-3.297], 

----------------------------------------------------------------n = 4
de castelijau:
t = 0.215
[-7.623,-0.193], 
[-9.894,-5.845], 
[6.911,-3.997], 
[0.235,9.897], 

polynomial:
t = 0.893
[-6.474,-3.635], 
[-7.609,6.772], 
[5.644,-6.662], 
[-4.135,-7.79], 

----------------------------------------------------------------n = 5
de castelijau:
t = 0.005
[-9.413,-9.075], 
[2.394,-4.875], 
[0.712,1.073], 
[-5.927,-4.567], 
[2.225,-5.149], 

polynomial:
t = 0.966
[3.504,-0.866], 
[-4.597,-7.667], 
[-3.234,9.205], 
[7.92,2.058], 
[3.234,5.815], 

----------------------------------------------------------------n = 6
de castelijau:
t = 0.027
[6.728,-8.39], 
[1.185,-9.791], 
[-3.28,-7.228], 
[1.407,-2.311], 
[-9.647,5.961], 
[-3.496,-7.475], 

polynomial:
t = 0.934
[5.925,-4.142], 
[-7.673,-6.045], 
[6.225,-7.505], 
[-9.586,-4.433], 
[3.083,-3.867], 
[-1.026,-9.33], 

----------------------------------------------------------------n = 7
de castelijau:
t = 0.041
[-0.76,9.76], 
[-8.795,8.798], 
[-1.754,8.313], 
[6.543,-0.806], 
[8.346,-7.611], 
[5.402,5.838], 
[-0.501,4.726], 

polynomial:
t = 0.927
[-4.574,-0.552], 
[4.572,-8.009], 
[1.476,6.603], 
[-4.678,-6.371], 
[-5.623,-1.877], 
[6.733,3.874], 
[-9.756,6.8], 

----------------------------------------------------------------n = 8
de castelijau:
t = 0.003
[8.334,-5.82], 
[-1.269,1.675], 
[1.917,-5.793], 
[-6.058,1.995], 
[-2.61,-3.986], 
[-6.611,-2.138], 
[3.709,-3.704], 
[-3.061,4.282], 

polynomial:
t = 0.941
[5.428,-5.606], 
[0.658,-8.072], 
[-0.943,4.656], 
[-5.691,-6.619], 
[-1.355,9.93], 
[0.011,-9.641], 
[-8.365,0.666], 
[-6.176,-6.071], 

----------------------------------------------------------------n = 9
de castelijau:
t = 0.065
[7.422,-9.128], 
[-9.298,-8.697], 
[-4.617,-3.821], 
[-6.937,4.127], 
[-3.666,3.176], 
[1.174,-4.273], 
[-8.281,-0.261], 
[6.87,-4.968], 
[-9.394,-6.526], 

polynomial:
t = 0.959
[-4.707,1.124], 
[0.98,-0.952], 
[-6.705,-0.802], 
[9.939,-8.417], 
[-1.294,-7.683], 
[-6.694,-1.99], 
[6.788,3.229], 
[-1.723,-0.416], 
[4.614,8.61], 

----------------------------------------------------------------n = 10
de castelijau:
t = 0.072
[-8.369,-3.69], 
[3.269,-9.321], 
[6.589,-4.769], 
[-4.754,3.058], 
[-6.742,0.551], 
[4.976,-3.548], 
[6.377,-8.225], 
[7.268,-6.094], 
[8.2,-2.031], 
[-0.45,-5.429], 

polynomial:
t = 0.92
[-3.326,-8.354], 
[-0.091,-1.206], 
[-0.448,-0.479], 
[9.219,-3.001], 
[-6.999,-0.568], 
[6.894,4.904], 
[7.503,-0.439], 
[5.436,-5.1], 
[1.921,-4.156], 
[1.809,0.725], 

----------------------------------------------------------------n = 11
de castelijau:
t = 0.014
[8.339,-8.981], 
[7.728,6.343], 
[-1.079,-4.393], 
[1.724,-4.938], 
[-8.097,5.461], 
[-2.678,6.613], 
[5.827,-1.819], 
[0.557,-6.146], 
[-3.75,-6.588], 
[-7.947,0.268], 
[6.245,-3.925], 

polynomial:
t = 0.976
[0.987,-7.44], 
[-0.67,8.811], 
[-2.623,9.401], 
[3.5,-8.486], 
[-1.04,5.31], 
[1.585,-9.492], 
[7.208,-8.762], 
[-0.89,-9.542], 
[-7.312,-2.708], 
[-2.025,3.285], 
[8.719,-9.005], 

----------------------------------------------------------------n = 12
de castelijau:
t = 0.031
[-8.826,-8.39], 
[-1.708,-5.494], 
[0.43,3.612], 
[-0.395,-1.475], 
[0.957,2.174], 
[3.853,0.636], 
[4.391,-3.831], 
[6.483,0.855], 
[-8.591,2.877], 
[-4.203,1.299], 
[0.34,2.857], 
[4.986,8.651], 

polynomial:
t = 0.992
[0.715,8.979], 
[-1.398,2.632], 
[-5.751,-4.272], 
[1.017,8.112], 
[7.27,-8.214], 
[-8.518,-3.519], 
[1.362,-9.118], 
[-1.771,5.625], 
[7.693,-3.638], 
[9.838,-8.385], 
[-4.211,-8.719], 
[2.021,-3.713], 

----------------------------------------------------------------n = 13
de castelijau:
t = 0.003
[-8.888,8.179], 
[-2.014,-2.465], 
[-8.04,2.062], 
[-3.791,9.007], 
[7.832,-5.921], 
[-2.99,0.687], 
[-5.535,-9.434], 
[-4.143,8.506], 
[0.273,3.422], 
[3.726,-9.195], 
[-6.771,4.618], 
[5.743,-0.513], 
[-7.838,0.235], 

polynomial:
t = 0.967
[-4.502,-1.55], 
[8.951,-9.657], 
[-5.621,-2.832], 
[1.443,-8.754], 
[-8.76,7.993], 
[1.407,1.08], 
[-8.997,2.585], 
[2.869,9.263], 
[8.172,0.868], 
[5.342,-8.487], 
[-4.004,-0.475], 
[7.557,-6.809], 
[-9.88,-7.177], 

----------------------------------------------------------------n = 14
de castelijau:
t = 0.011
[-3.757,9.122], 
[-6.67,2.265], 
[0.713,-8.905], 
[-6.55,-8.947], 
[-4.717,-8.262], 
[-5.205,-5.89], 
[-3.347,-8.335], 
[7.04,-0.011], 
[-8.284,8.443], 
[-6.441,-6.05], 
[9.412,-3.765], 
[1.916,-0.066], 
[-9.01,8.004], 
[2.855,-5.5], 

polynomial:
t = 0.998
[-2.295,3.993], 
[-3.89,-5.678], 
[8.167,-2.355], 
[-7.448,-2.594], 
[2.767,-9.454], 
[-8.263,2.18], 
[-6.976,-9.95], 
[-1.556,4.647], 
[-4.549,-0.771], 
[-2.677,-6.687], 
[-5.181,-2.217], 
[2.759,4.333], 
[4.964,2.65], 
[-3.946,-1.061], 

----------------------------------------------------------------n = 15
de castelijau:
t = 0.002
[9.112,-8.906], 
[-1.149,-2.187], 
[5.679,-5.026], 
[-7.293,8.272], 
[5.457,-1.212], 
[-6.923,2.008], 
[-6.026,-0.023], 
[4.062,1.488], 
[-2.381,-7.706], 
[5.448,4.012], 
[1.528,1.756], 
[-9.149,2.441], 
[6.197,3.046], 
[-6.102,-9.241], 
[-9.153,-5.233], 

polynomial:
t = 0.916
[-9.509,-5.507], 
[0.591,-3.684], 
[-8.321,0.58], 
[-2.088,8.709], 
[5.179,-6.565], 
[4.416,7.117], 
[-0.214,-5.55], 
[0.453,-6.271], 
[7.096,1.38], 
[7.715,6.058], 
[0.64,-8.189], 
[-3.045,-4.89], 
[-7.307,-8.882], 
[-7.08,2.996], 
[3.848,2.502], 

----------------------------------------------------------------n = 16
de castelijau:
t = 0.061
[-7.384,-0.536], 
[-8.47,4.811], 
[-3.033,0.843], 
[-1.059,-7.244], 
[-4.232,-5.98], 
[-3.09,1.664], 
[-7.062,-7.462], 
[-7.48,-6.256], 
[-9.605,-8.834], 
[-7.109,-2.163], 
[-3.64,-6.422], 
[-8.875,-2.221], 
[-2.679,2.697], 
[0.018,-6.74], 
[-6.186,-2.561], 
[4.852,5.947], 

polynomial:
t = 0.955
[-2.321,2.089], 
[0.373,-7.65], 
[-4.987,1.426], 
[-9.677,-7.359], 
[0.759,4.68], 
[-4.909,1.676], 
[0.759,8.615], 
[-6.403,-9.87], 
[5.98,-1.195], 
[-5.64,-3.472], 
[-7.778,-2.66], 
[-6.951,-6.638], 
[0.33,-4.116], 
[-0.453,-2.985], 
[-3.955,-8.957], 
[-1.101,-9.511], 

----------------------------------------------------------------n = 17
de castelijau:
t = 0.003
[-8.337,-3.795], 
[-7.934,-0.343], 
[-1.454,-3.183], 
[4.883,-6.97], 
[-6.505,-7.402], 
[-3.15,-0.606], 
[4.435,1.768], 
[5.031,9.659], 
[1.063,-4.202], 
[2.846,2.36], 
[7.75,-4.932], 
[-6.802,-6.071], 
[3.409,-2.018], 
[-3.112,-4.172], 
[5.478,-6.406], 
[-0.94,9.518], 
[6.745,-8.642], 

polynomial:
t = 0.97
[9.975,0.571], 
[-8.149,-5.164], 
[-4.603,-2.691], 
[-0.968,2.927], 
[0.589,0.39], 
[-7.727,-0.865], 
[-1.714,-5.097], 
[-9.133,-6.413], 
[9.215,-0.787], 
[-9.764,-2.804], 
[8.445,-5.77], 
[7.358,1.407], 
[2.402,-7.338], 
[4.973,-3.97], 
[-5.442,-5.042], 
[-2.145,0.504], 
[2.336,-0.7], 

----------------------------------------------------------------n = 18
de castelijau:
t = 0.961
[-0.754,7.236], 
[0.759,8.016], 
[-0.063,2.453], 
[1.363,-6.091], 
[9.923,-5.012], 
[-3.188,0.419], 
[-5.078,-0.322], 
[7.682,0.557], 
[-1.747,-4.107], 
[-2.538,-9.249], 
[-9.835,6.825], 
[5.182,-8.702], 
[8.884,-8.272], 
[-2.979,2.66], 
[-6.312,-7.726], 
[-6.927,-8.397], 
[5.471,-6.526], 
[-0.72,-8.375], 

polynomial:
t = 0.979
[-4.413,3.133], 
[-0.726,1.604], 
[-8.07,9.409], 
[-2.592,-6.792], 
[-2.223,1.492], 
[-5.515,-2.479], 
[-7.081,9.826], 
[-5.383,-3.911], 
[-9.587,3.213], 
[0.881,-7.285], 
[-3.423,-0.481], 
[7.313,-0.796], 
[-4.705,2.595], 
[-0.538,2.295], 
[-3.996,-1.199], 
[1.249,7.368], 
[6.648,-5.207], 
[4.87,7.954], 

----------------------------------------------------------------n = 19
de castelijau:
t = 0.065
[9.254,3.508], 
[9.815,1.852], 
[9.232,3.899], 
[-1.522,-7.804], 
[-0.706,6.069], 
[0.728,5.086], 
[9.487,-7.182], 
[7.857,-8.829], 
[5.115,1.754], 
[-4.811,-5.273], 
[-7.815,7.962], 
[-3.764,5.93], 
[2.303,-8.295], 
[9.446,1.284], 
[-3.86,-3.21], 
[-9.595,9], 
[-3.706,9.71], 
[-8.547,1.893], 
[-6.692,3.544], 

polynomial:
t = 0.994
[-9.062,-9.687], 
[9.736,-0.932], 
[-3.291,-5.436], 
[-6.966,-2.877], 
[-6.644,-9.723], 
[-7.091,6.599], 
[-9.865,-7.235], 
[-0.882,4.58], 
[7.14,-7.856], 
[-7.558,-5.761], 
[1.902,-8.53], 
[-9.852,-5.522], 
[-1.393,-4.669], 
[-7.618,-4.747], 
[-9.976,-9.961], 
[4.419,-0.597], 
[-0.034,0.589], 
[4.337,0.931], 
[-0.663,4.242], 

----------------------------------------------------------------n = 20
de castelijau:
t = 0.014
[-8.572,6.659], 
[-6.9,8.043], 
[9.072,-8.396], 
[-4.33,-2.417], 
[-1.412,-8.699], 
[-9.776,-6.839], 
[-7.238,-0.889], 
[4.299,9.944], 
[7.45,-4.059], 
[1.879,-4.365], 
[-6.909,-8.716], 
[-0.944,-6.851], 
[3.778,5.663], 
[8.668,3.543], 
[-0.442,-9.243], 
[8.462,-5.457], 
[-2.07,-3.926], 
[-1.394,3.202], 
[-6.827,5.672], 
[6.462,-5.41], 

polynomial:
t = 0.986
[3.068,-2.387], 
[0.429,2.918], 
[2.622,9.499], 
[3.079,-2.139], 
[-3.913,-1.176], 
[-0.215,-1.444], 
[-8.3,-1.274], 
[2.481,0.034], 
[-7.099,5.399], 
[-0.123,-9.51], 
[1.741,-8.266], 
[-1.95,2.293], 
[-1.568,-1.894], 
[7.54,2.274], 
[-0.3,-7.751], 
[-7.541,-4.513], 
[0.11,-9.972], 
[2.092,-8.657], 
[5.408,-8.814], 
[-3.767,-0.045], 

----------------------------------------------------------------