n = 1
de castelijau:
t = 0.757
[-0.006605,0.008026], 

polynomial:
t = 0.809
[-0.005589,-0.005109], 

----------------------------------------------------------------n = 2
de castelijau:
t = 0.986
[-0.002003,-0.000613], 
[0.001393,-0.002053], 

polynomial:
t = 0.878
[-0.001658,0.009969], 
[-0.005118,-0.00869], 

----------------------------------------------------------------n = 3
de castelijau:
t = 0.158
[0.008251,0.007266], 
[0.008597,0.000341], 
[-9e-006,-0.005843], 

polynomial:
t = 0.993
[-0.008261,0.009882], 
[0.003505,-0.003961], 
[-0.009124,0.005768], 

----------------------------------------------------------------n = 4
de castelijau:
t = 0.03
[-0.006356,0.008865], 
[0.007026,-0.006844], 
[-0.001845,0.0043], 
[0.008725,-0.00792], 

polynomial:
t = 0.847
[0.002917,0.00251], 
[0.000162,-0.007267], 
[-0.000287,0.007464], 
[-0.00486,-0.009323], 

----------------------------------------------------------------n = 5
de castelijau:
t = 0.015
[-0.009591,-0.00813], 
[-8.4e-005,-0.002868], 
[-0.008736,0.003472], 
[-0.007064,0.002334], 
[0.003476,0.007554], 

polynomial:
t = 0.999
[0.006992,0.007783], 
[-0.008466,-0.002434], 
[-0.002998,0.003239], 
[-0.004132,-0.00904], 
[-0.000439,0.007924], 

----------------------------------------------------------------n = 6
de castelijau:
t = 0.918
[-0.001995,-0.00394], 
[-0.009983,-0.006223], 
[-0.000777,-0.00837], 
[-0.004545,-0.001225], 
[-0.007458,-0.000665], 
[0.004298,0.009847], 

polynomial:
t = 0.934
[-0.009262,-0.00797], 
[0.002205,-0.008181], 
[-0.007476,0.00869], 
[0.00989,0.00169], 
[-0.003802,-0.00731], 
[-0.00245,0.000425], 

----------------------------------------------------------------n = 7
de castelijau:
t = 0.917
[-0.000558,0.000252], 
[0.008894,0.002542], 
[-0.002488,0.001155], 
[-0.00243,-0.001876], 
[-0.005242,-0.007363], 
[0.00573,0.00263], 
[-0.007185,-0.004602], 

polynomial:
t = 0.991
[0.007012,-0.004473], 
[-0.00374,0.007305], 
[-0.002017,-0.003565], 
[-0.006592,0.006675], 
[-0.009415,-0.009794], 
[0.007922,-0.004956], 
[0.006489,0.00202], 

----------------------------------------------------------------n = 8
de castelijau:
t = 0.057
[0.006537,-0.009097], 
[-0.003481,-0.005261], 
[0.003148,0.004133], 
[-0.00775,-0.003163], 
[0.004468,-0.001904], 
[-0.009106,0.005772], 
[-0.007393,0.001488], 
[0.002764,-0.003916], 

polynomial:
t = 0.994
[0.002506,-0.006603], 
[0.007423,0.001112], 
[-0.006121,-0.005722], 
[-0.003862,0.003698], 
[0.002547,-0.00887], 
[-0.001067,-0.006643], 
[0.009845,-0.005691], 
[0.006533,-0.001305], 

----------------------------------------------------------------n = 9
de castelijau:
t = 0.007
[-0.00884,-0.006192], 
[-0.005565,-0.009777], 
[0.004592,0.001233], 
[0.006827,0.003694], 
[0.000686,-0.002721], 
[-0.006043,0.000673], 
[-0.005527,0.008211], 
[0.001065,-0.007718], 
[0.008031,-0.002157], 

polynomial:
t = 0.987
[0.000608,-0.002314], 
[0.005116,-0.006932], 
[-0.008093,-0.003824], 
[0.007354,0.003487], 
[-0.006206,-0.002098], 
[1.8e-005,0.001342], 
[0.001603,0.0083], 
[0.003328,-0.009361], 
[-0.007924,-0.006395], 

----------------------------------------------------------------n = 10
de castelijau:
t = 0.996
[-0.00795,0.009405], 
[-0.004302,-0.007511], 
[0.000529,-0.008106], 
[-0.00743,-0.000622], 
[-0.007631,-0.003001], 
[-0.006277,-0.007255], 
[-0.005422,-0.002186], 
[-0.009065,0.001728], 
[0.00273,0.002713], 
[-0.008556,0.000945], 

polynomial:
t = 0.944
[-0.00679,-0.001658], 
[-0.008481,-0.001685], 
[0.003022,-0.009031], 
[0.005678,0.005878], 
[-0.005725,-0.005729], 
[-0.008658,-0.000213], 
[0.00614,-0.006562], 
[-0.009429,-0.00903], 
[-0.001847,-0.000486], 
[-0.004454,-0.006452], 

----------------------------------------------------------------n = 11
de castelijau:
t = 0.029
[0.009494,-0.001392], 
[0.000233,-0.00206], 
[-0.006077,-0.004874], 
[-0.008941,0.008964], 
[0.007497,0.006858], 
[-0.00588,-0.001834], 
[-0.004543,-0.006965], 
[-0.000617,-0.004982], 
[-0.002974,-0.00926], 
[-0.003733,-0.004142], 
[0.003656,0.008275], 

polynomial:
t = 0.977
[-0.003833,0.002495], 
[0.009876,0.006485], 
[-0.006103,-0.001196], 
[0.009231,0.00809], 
[-0.006058,0.001842], 
[0.003736,0.008366], 
[-0.003474,-0.00817], 
[-0.00424,0.001084], 
[-0.009318,-0.005331], 
[0.000762,0.004881], 
[0.006951,0.00685], 

----------------------------------------------------------------n = 12
de castelijau:
t = 0.012
[-0.007428,-0.009173], 
[-0.0038,0.001192], 
[0.001942,-0.006578], 
[-0.003029,-0.001127], 
[-0.002543,-0.002726], 
[-0.001639,-0.000805], 
[0.00365,-0.005955], 
[0.002584,-0.001391], 
[-0.005991,-0.002064], 
[-0.005688,-0.000228], 
[0.007773,0.000893], 
[-0.006364,-0.007702], 

polynomial:
t = 0.992
[0.000715,0.008979], 
[-0.001398,0.002632], 
[-0.005751,-0.004272], 
[0.001017,0.008112], 
[0.00727,-0.008214], 
[-0.008518,-0.003519], 
[0.001362,-0.009118], 
[-0.001771,0.005625], 
[0.007693,-0.003638], 
[0.009838,-0.008385], 
[-0.004211,-0.008719], 
[0.002021,-0.003713], 

----------------------------------------------------------------n = 13
de castelijau:
t = 0.015
[-0.009176,-0.001491], 
[-0.002622,-0.009403], 
[0.00935,0.001211], 
[-0.003448,-0.002335], 
[-0.006614,-0.003639], 
[0.001653,-0.007578], 
[0.000189,0.000239], 
[0.009731,-0.007785], 
[0.006915,-0.007695], 
[-0.000415,-0.002612], 
[0.006342,0.001954], 
[0.002212,-0.009147], 
[-0.004139,0.005186], 

polynomial:
t = 0.958
[0.004118,0.005721], 
[-0.006233,-0.007583], 
[0.009775,0.000205], 
[-0.006056,0.007059], 
[0.005594,-0.006061], 
[-0.003162,-0.00205], 
[-0.004365,-0.009908], 
[-0.009465,0.005718], 
[0.006557,0.002438], 
[-0.000511,-0.000101], 
[0.006814,-0.003245], 
[0.004202,0.005685], 
[-0.00629,-0.008356], 

----------------------------------------------------------------n = 14
de castelijau:
t = 0.031
[-0.008607,-0.006749], 
[-0.008906,-0.002873], 
[-0.00376,0.001075], 
[-0.004997,-0.003966], 
[-6.4e-005,-0.009917], 
[-0.009104,0.000635], 
[-0.006992,0.002504], 
[-0.005728,0.001921], 
[-0.00637,0.001652], 
[0.00021,0.004493], 
[-0.002987,-0.009187], 
[-0.001329,0.00261], 
[-0.008439,-0.001322], 
[-0.001304,0.006167], 

polynomial:
t = 0.997
[0.00267,-0.005395], 
[-0.006259,-0.008766], 
[0.009111,0.00116], 
[0.005623,0.009201], 
[0.002019,-0.003433], 
[-0.000256,0.001388], 
[-0.005393,-0.005794], 
[0.00226,-0.007172], 
[0.005775,0.008812], 
[-0.002995,0.002568], 
[0.009475,0.001193], 
[0.00055,-0.005678], 
[-0.007182,-0.004523], 
[0.004362,0.00832], 

----------------------------------------------------------------n = 15
de castelijau:
t = 0.001
[-0.009923,-0.006853], 
[-0.002592,-0.009237], 
[0.000104,0.001067], 
[-0.002296,-0.004914], 
[0.001512,-0.005273], 
[-0.001706,-0.008166], 
[0.009415,-0.008338], 
[-0.001792,-0.006919], 
[0.001997,-0.005717], 
[-0.002633,0.002481], 
[-0.000445,0.000508], 
[-0.00523,0.001596], 
[-0.00829,0.002575], 
[-0.000464,0.003644], 
[0.001556,0.007856], 

polynomial:
t = 0.977
[0.006998,-0.005787], 
[0.000101,-0.00761], 
[0.00268,-0.008576], 
[0.002463,-0.005051], 
[-0.009229,-0.00445], 
[0.009272,0.00042], 
[-0.009847,-0.004053], 
[0.001471,-0.005128], 
[-0.005149,-0.009345], 
[0.009925,-0.000495], 
[-0.002429,0.001791], 
[0.002685,-0.000905], 
[-0.007718,-0.001076], 
[-0.009568,0.005305], 
[-0.000965,0.00169], 

----------------------------------------------------------------n = 16
de castelijau:
t = 0.004
[-0.009506,0.009723], 
[-0.001475,-0.003782], 
[-0.00304,-0.004899], 
[0.009193,-0.009393], 
[-0.005388,-0.005841], 
[-0.001068,-0.005235], 
[-0.002016,-0.002462], 
[-0.002443,0.004865], 
[-0.000216,-0.009122], 
[-0.001662,-0.002031], 
[-0.00882,-0.008748], 
[0.003646,-0.008467], 
[0.009742,-0.00149], 
[0.000753,0.009443], 
[-0.005869,-5.2e-005], 
[-0.005318,-7.8e-005], 

polynomial:
t = 1
[-0.0044,-0.008233], 
[0.00056,0.000995], 
[-0.008962,-0.004443], 
[-0.001011,0.004492], 
[0.002208,-0.009748], 
[-0.005861,0.003833], 
[0.00018,-0.002765], 
[-0.008521,0.008451], 
[-0.008312,-5.1e-005], 
[0.005709,0.003634], 
[0.000585,-0.00276], 
[-0.001349,-0.005034], 
[-0.001574,-0.003453], 
[-0.009602,0.002846], 
[0.008617,-0.004654], 
[0.003523,-0.001827], 

----------------------------------------------------------------n = 17
de castelijau:
t = 0.002
[8.6e-005,0.008785], 
[-0.001244,-0.006575], 
[-0.004596,-0.004507], 
[0.007112,-0.005402], 
[0.004109,0.007554], 
[0.008471,-0.005526], 
[-0.000946,0.003539], 
[0.004864,-0.006048], 
[0.000182,0.002716], 
[-0.004544,0.004835], 
[-0.001114,-0.005433], 
[0.002741,-0.002747], 
[-0.00785,-0.005287], 
[-0.001353,-0.00414], 
[-0.003194,0.002628], 
[0.000163,0.007078], 
[0.002098,-0.008348], 

polynomial:
t = 0.999
[0.002712,-0.007508], 
[0.005249,0.009763], 
[-0.001718,-0.007878], 
[-0.006264,-0.006413], 
[0.006826,-0.008253], 
[-0.009167,-0.004247], 
[-0.009708,0.000451], 
[0.005978,-0.007427], 
[-0.00328,-0.00427], 
[0.009286,-0.004972], 
[-0.003371,0.001819], 
[0.002591,-0.00749], 
[-0.008595,-0.009677], 
[0.006529,-0.002624], 
[-0.000714,0.008934], 
[0.003412,0.002539], 
[-0.003342,0.009261], 

----------------------------------------------------------------n = 18
de castelijau:
t = 0.005
[-0.008237,0.009656], 
[-0.003841,0.005886], 
[-0.003947,0.006122], 
[-0.003986,0.002533], 
[-0.005502,-0.003749], 
[-0.00818,0.001517], 
[0.006755,-0.00617], 
[0.002049,0.008173], 
[-0.001364,-0.008512], 
[-0.003748,-0.001915], 
[-0.002785,0.007152], 
[0.002166,-0.000928], 
[-0.007823,-0.001884], 
[-0.002445,-0.001151], 
[0.005618,0.006821], 
[0.007018,0.002994], 
[-0.002201,0.004266], 
[-0.004829,-0.002655], 

polynomial:
t = 0.974
[-0.008965,0.0013], 
[-0.007952,-0.006304], 
[-0.003592,-0.00336], 
[-0.004222,0.006399], 
[-0.007305,-0.004269], 
[0.00633,-0.000828], 
[-0.009408,-0.008701], 
[0.004517,-0.000394], 
[-0.005125,0.009135], 
[-0.006343,-0.009633], 
[0.003726,-0.006611], 
[-0.001384,-0.002133], 
[-0.001051,-0.000852], 
[0.004755,-0.002629], 
[-0.007177,0.000248], 
[0.009837,0.009041], 
[-0.000826,-0.001992], 
[-0.002111,0.002156], 

----------------------------------------------------------------n = 19
de castelijau:
t = 0.065
[0.009254,0.003508], 
[0.009815,0.001852], 
[0.009232,0.003899], 
[-0.001522,-0.007804], 
[-0.000706,0.006069], 
[0.000728,0.005086], 
[0.009487,-0.007182], 
[0.007857,-0.008829], 
[0.005115,0.001754], 
[-0.004811,-0.005273], 
[-0.007815,0.007962], 
[-0.003764,0.00593], 
[0.002303,-0.008295], 
[0.009446,0.001284], 
[-0.00386,-0.00321], 
[-0.009595,0.009], 
[-0.003706,0.00971], 
[-0.008547,0.001893], 
[-0.006692,0.003544], 

polynomial:
t = 0.988
[-0.004166,-0.00067], 
[-0.001949,-0.006104], 
[0.003983,-0.009227], 
[-0.001762,0.003254], 
[-0.001046,-0.005066], 
[-0.00886,0.007984], 
[-0.001352,-0.00731], 
[-0.00894,-0.006681], 
[-0.002378,-0.008925], 
[0.007517,-0.001787], 
[-0.005413,0.001944], 
[0.006747,-0.006784], 
[-0.004586,0.002127], 
[0.00237,0.005355], 
[-0.000585,-0.001304], 
[0.007295,-0.00456], 
[-0.000208,-0.001059], 
[0.000444,0.007523], 
[-0.008899,0.004848], 

----------------------------------------------------------------n = 20
de castelijau:
t = 0.996
[-0.008113,0.009426], 
[0.003323,0.0096], 
[0.004131,-0.000487], 
[0.002884,-0.000889], 
[-0.00243,0.009747], 
[-0.005076,0.001396], 
[-0.002226,-0.005649], 
[0.001615,-0.004832], 
[-0.005616,-0.004666], 
[0.00607,6.4e-005], 
[0.003915,0.005182], 
[0.002822,-0.003689], 
[0.006322,0.008709], 
[0.007415,-0.008661], 
[-0.004353,-0.003293], 
[-0.002552,0.009458], 
[0.000195,0.000791], 
[0.003186,0.00264], 
[0.008731,-0.001323], 
[-0.00759,0.00877], 

polynomial:
t = 0.992
[0.007996,-0.007727], 
[-0.000428,0.001749], 
[0.000445,0.002513], 
[0.009486,-0.008995], 
[-0.004855,-0.009944], 
[-0.006539,0.008668], 
[-0.000372,0.000834], 
[-0.009511,-0.002985], 
[0.008643,0.006875], 
[0.007769,-0.00499], 
[-0.001234,-0.009378], 
[-3.8e-005,-0.001579], 
[-0.004057,0.007891], 
[-0.007074,0.002339], 
[-0.001581,0.003385], 
[-0.009388,-0.004596], 
[-0.004394,0.000112], 
[0.005389,-0.008978], 
[-0.009556,-0.004262], 
[0.007535,0.002756], 

----------------------------------------------------------------