n = 1
de castelijau:
t = 0.757
[-6605,8026], 

polynomial:
t = 0.059
[8762,-9167], 

----------------------------------------------------------------n = 2
de castelijau:
t = 0.025
[-8892,9732], 
[9579,-1808], 

polynomial:
t = 0.829
[-8896,-9969], 
[5816,7691], 

----------------------------------------------------------------n = 3
de castelijau:
t = 0.021
[8646,8781], 
[6911,328], 
[-8254,-1311], 

polynomial:
t = 0.9
[-1691,7892], 
[-5662,-9382], 
[-3371,3140], 

----------------------------------------------------------------n = 4
de castelijau:
t = 0.069
[-9345,-4626], 
[-8637,2222], 
[55,-851], 
[5616,-2578], 

polynomial:
t = 0.98
[460,-810], 
[-5105,-493], 
[9730,-8926], 
[-53,4154], 

----------------------------------------------------------------n = 5
de castelijau:
t = 0.056
[-8177,9083], 
[-483,1426], 
[-6669,-5156], 
[786,-6701], 
[6869,8362], 

polynomial:
t = 0.965
[-5668,-7728], 
[-6226,-1802], 
[9387,-9391], 
[423,2323], 
[-1482,-4981], 

----------------------------------------------------------------n = 6
de castelijau:
t = 0.04
[-9832,-3913], 
[1913,-1368], 
[-6589,1251], 
[-3385,4019], 
[-1251,3562], 
[275,-6950], 

polynomial:
t = 0.99
[-5511,3888], 
[-9589,-8314], 
[8831,3758], 
[-9824,3285], 
[-7426,-9120], 
[6698,-968], 

----------------------------------------------------------------n = 7
de castelijau:
t = 0.04
[-4681,-9087], 
[8749,-8862], 
[-4254,1169], 
[-7421,-7956], 
[30,-1434], 
[-8788,-8264], 
[-1087,4461], 

polynomial:
t = 0.988
[-8268,5135], 
[-2745,444], 
[2412,915], 
[-9744,7288], 
[-2284,-2446], 
[-8976,5150], 
[-7063,-7549], 

----------------------------------------------------------------n = 8
de castelijau:
t = 0.993
[1922,-5010], 
[-4146,-3722], 
[-3913,-4420], 
[-6801,64], 
[-124,-4798], 
[4439,3419], 
[4080,2015], 
[-2250,-3600], 

polynomial:
t = 0.982
[6149,-1679], 
[-9439,6014], 
[9711,-5505], 
[-9202,-4719], 
[-9106,8505], 
[-9410,-8409], 
[-8562,-8602], 
[5257,-3404], 

----------------------------------------------------------------n = 9
de castelijau:
t = 0.046
[-9994,5209], 
[-9385,-6272], 
[-5843,-7177], 
[-8464,-8843], 
[2979,-8851], 
[1648,5042], 
[-5955,-3564], 
[-38,374], 
[962,8298], 

polynomial:
t = 0.991
[-5325,2329], 
[-8090,-4754], 
[-5011,8736], 
[-2160,-6826], 
[7348,1439], 
[-5255,-3682], 
[-4607,-5484], 
[1307,-7531], 
[-9589,1841], 

----------------------------------------------------------------n = 10
de castelijau:
t = 0.004
[-611,-8943], 
[6728,-9764], 
[9213,8470], 
[-2765,-1390], 
[-1664,1254], 
[-1747,3451], 
[8068,4865], 
[-5550,4687], 
[2132,-6452], 
[-2346,-3892], 

polynomial:
t = 0.989
[7451,4997], 
[-632,2448], 
[-3411,7708], 
[-526,-3557], 
[-9293,6275], 
[1396,-3348], 
[-7347,-6237], 
[-5922,526], 
[5523,7119], 
[-4977,-9240], 

----------------------------------------------------------------n = 11
de castelijau:
t = 0.978
[7518,-4298], 
[-7332,5063], 
[-3638,1735], 
[1090,-914], 
[-8608,858], 
[-6984,-1049], 
[642,-7988], 
[-5357,-6169], 
[-1375,1060], 
[-9841,8194], 
[-7451,5622], 

polynomial:
t = 0.977
[2313,-6341], 
[322,-3006], 
[2615,-7167], 
[2556,-6027], 
[-9089,4077], 
[-241,-4592], 
[-7074,7826], 
[-7529,-8640], 
[-6997,-2978], 
[-113,1873], 
[-5914,-1913], 

----------------------------------------------------------------n = 12
de castelijau:
t = 0.02
[-10000,-4481], 
[-2845,-3368], 
[8380,481], 
[1072,2673], 
[9173,2337], 
[-3571,-7060], 
[-8388,-5518], 
[-3221,222], 
[-5774,-7846], 
[-2204,4627], 
[-9611,-5669], 
[-1364,-7456], 

polynomial:
t = 0.988
[-3658,-729], 
[-4355,2605], 
[7923,-2514], 
[9506,-9175], 
[1538,-1224], 
[-3169,-6922], 
[-9691,8870], 
[1959,-2445], 
[-3083,712], 
[1201,-2686], 
[-5289,-970], 
[4104,-5986], 

----------------------------------------------------------------n = 13
de castelijau:
t = 0.999
[-7130,-1126], 
[-5011,-1099], 
[1170,-4024], 
[-5203,2910], 
[3012,-9166], 
[-2866,1141], 
[-7065,1508], 
[-7164,-4779], 
[8552,-7857], 
[-5975,-8965], 
[4399,-3616], 
[1410,7724], 
[-4787,-1547], 

polynomial:
t = 0.975
[-9710,8878], 
[-4276,5073], 
[3377,6685], 
[-989,8158], 
[-5452,-4655], 
[-6003,8015], 
[-8589,-4429], 
[-4165,2428], 
[-8904,6017], 
[-947,-3036], 
[-6088,-8901], 
[8200,-3718], 
[-7961,8798], 

----------------------------------------------------------------n = 14
de castelijau:
t = 0.986
[-3420,-8844], 
[2369,-8246], 
[-6668,-1057], 
[-4369,-8443], 
[2111,-7700], 
[330,9481], 
[-7980,-3405], 
[-4702,-5351], 
[-1842,3161], 
[-8652,2101], 
[7693,2379], 
[1456,-1352], 
[-4063,-9368], 
[-8582,7777], 

polynomial:
t = 0.998
[-2295,3993], 
[-3890,-5678], 
[8167,-2355], 
[-7448,-2594], 
[2767,-9454], 
[-8263,2180], 
[-6976,-9950], 
[-1556,4647], 
[-4549,-771], 
[-2677,-6687], 
[-5181,-2217], 
[2759,4333], 
[4964,2650], 
[-3946,-1061], 

----------------------------------------------------------------n = 15
de castelijau:
t = 0.001
[-9923,-6853], 
[-2592,-9237], 
[104,1067], 
[-2296,-4914], 
[1512,-5273], 
[-1706,-8166], 
[9415,-8338], 
[-1792,-6919], 
[1997,-5717], 
[-2633,2481], 
[-445,508], 
[-5230,1596], 
[-8290,2575], 
[-464,3644], 
[1556,7856], 

polynomial:
t = 0.977
[567,8983], 
[-7959,47], 
[-2034,-7376], 
[-5020,-6017], 
[5915,-7310], 
[-7579,178], 
[-3389,-9410], 
[811,669], 
[-9968,-9970], 
[6401,-4980], 
[3377,2587], 
[-6746,7633], 
[4518,-6022], 
[-6573,-5932], 
[9664,-5657], 

----------------------------------------------------------------n = 16
de castelijau:
t = 0.001
[-3378,-9702], 
[2534,-7685], 
[-9152,-1258], 
[-2540,2924], 
[4388,8719], 
[-8601,-8962], 
[5185,-8394], 
[6934,-2710], 
[-8442,530], 
[-5313,-7658], 
[-9109,-1173], 
[-6054,-5937], 
[-7563,-7486], 
[-426,9986], 
[-2150,-3997], 
[-5737,-5120], 

polynomial:
t = 0.971
[3927,7109], 
[-516,-5793], 
[-5366,-1089], 
[-7159,2377], 
[-2914,273], 
[4431,7428], 
[-4856,-5562], 
[5788,8598], 
[7205,-5741], 
[-5568,3617], 
[63,-8050], 
[-881,4280], 
[-4560,7420], 
[-4250,3441], 
[-8828,-3960], 
[9651,5051], 

----------------------------------------------------------------n = 17
de castelijau:
t = 0.998
[-6450,599], 
[2379,-618], 
[-2859,582], 
[-3665,-9966], 
[2760,8548], 
[-8282,-8789], 
[-4191,-3260], 
[-7401,-452], 
[-9306,-6092], 
[-4232,464], 
[5697,-4996], 
[-876,-5670], 
[6219,-220], 
[-3412,8584], 
[-6803,-7492], 
[-7398,465], 
[-5078,-2569], 

polynomial:
t = 0.965
[-6569,4961], 
[-6970,-2526], 
[4699,-5188], 
[-2547,-7856], 
[-6351,3419], 
[1807,6160], 
[-7515,-7603], 
[-880,-1082], 
[1811,-7316], 
[2381,5769], 
[9453,-4425], 
[-1720,3856], 
[9565,-3908], 
[-7106,-1690], 
[-6101,-9486], 
[-9769,9863], 
[-5439,-9491], 

----------------------------------------------------------------n = 18
de castelijau:
t = 0.913
[7752,9955], 
[-7495,-8432], 
[2511,-9119], 
[1355,-8614], 
[1900,8748], 
[-2719,-8493], 
[726,-9745], 
[-7862,-3110], 
[1947,9844], 
[1376,6359], 
[9076,-3198], 
[-5965,2269], 
[-9355,-3192], 
[-531,8271], 
[2085,-5986], 
[-7598,-1149], 
[-6476,-6774], 
[-2265,-9913], 

polynomial:
t = 0.98
[-939,-9242], 
[-9914,-7562], 
[4419,-875], 
[3856,9463], 
[-9429,-3839], 
[-6755,1827], 
[-143,-7951], 
[2305,-5778], 
[-2742,-7246], 
[-6416,9805], 
[-4853,-6271], 
[-6560,-8437], 
[5822,-2111], 
[306,1181], 
[-1389,-1833], 
[-1236,8569], 
[-1888,-8395], 
[-1368,418], 

----------------------------------------------------------------n = 19
de castelijau:
t = 0.065
[9254,3508], 
[9815,1852], 
[9232,3899], 
[-1522,-7804], 
[-706,6069], 
[728,5086], 
[9487,-7182], 
[7857,-8829], 
[5115,1754], 
[-4811,-5273], 
[-7815,7962], 
[-3764,5930], 
[2303,-8295], 
[9446,1284], 
[-3860,-3210], 
[-9595,9000], 
[-3706,9710], 
[-8547,1893], 
[-6692,3544], 

polynomial:
t = 0.911
[984,-3732], 
[-9422,4580], 
[-7942,-5403], 
[-2014,-4483], 
[1291,-6787], 
[9247,9064], 
[-8139,-2747], 
[8542,-7162], 
[-1091,-5255], 
[-2376,2147], 
[-3240,-7159], 
[2298,8240], 
[1637,5076], 
[-8686,394], 
[1011,-8562], 
[266,-1437], 
[580,-1235], 
[-5923,-5121], 
[-363,-190], 

----------------------------------------------------------------n = 20
de castelijau:
t = 0.996
[-8113,9426], 
[3323,9600], 
[4131,-487], 
[2884,-889], 
[-2430,9747], 
[-5076,1396], 
[-2226,-5649], 
[1615,-4832], 
[-5616,-4666], 
[6070,64], 
[3915,5182], 
[2822,-3689], 
[6322,8709], 
[7415,-8661], 
[-4353,-3293], 
[-2552,9458], 
[195,791], 
[3186,2640], 
[8731,-1323], 
[-7590,8770], 

polynomial:
t = 0.997
[-6501,2134], 
[-4955,-7417], 
[5547,-4965], 
[5886,2661], 
[9974,186], 
[-5722,-4664], 
[3834,9577], 
[-8831,4885], 
[-9167,2060], 
[8188,-7076], 
[-7432,-2879], 
[1066,-4560], 
[684,-4298], 
[5519,8177], 
[1178,1598], 
[4164,-8313], 
[-9194,7814], 
[2839,4759], 
[2379,-4574], 
[1715,718], 

----------------------------------------------------------------