n = 1
de castelijau:
t = 0.757
[-6.605e-005,8.026e-005], 

polynomial:
t = 0.954
[-6.288e-005,-5.988e-005], 

----------------------------------------------------------------n = 2
de castelijau:
t = 0.058
[-9.549e-005,7.016e-005], 
[8.664e-005,-1.41e-006], 

polynomial:
t = 0.693
[7.853e-005,-6.408e-005], 
[-9.793e-005,8.956e-005], 

----------------------------------------------------------------n = 3
de castelijau:
t = 0.152
[-1.944e-005,8.518e-005], 
[4.109e-005,7.3e-005], 
[-4.636e-005,9.66e-006], 

polynomial:
t = 0.974
[-2.774e-005,-2.313e-005], 
[9.242e-005,-5.567e-005], 
[1.13e-006,7.702e-005], 

----------------------------------------------------------------n = 4
de castelijau:
t = 0.013
[2.703e-005,-6.762e-005], 
[3.624e-005,8.69e-006], 
[1.002e-005,-5.998e-005], 
[-6.461e-005,2.441e-005], 

polynomial:
t = 0.87
[-7.467e-005,-6.045e-005], 
[7.459e-005,-7.781e-005], 
[-8.298e-005,-5.498e-005], 
[-2.104e-005,7.194e-005], 

----------------------------------------------------------------n = 5
de castelijau:
t = 0.063
[-9.604e-005,-3.772e-005], 
[-8.8e-005,-8.347e-005], 
[-2.012e-005,-1.681e-005], 
[-7.702e-005,-6.027e-005], 
[1.67e-005,4.84e-005], 

polynomial:
t = 0.916
[1.143e-005,-3.46e-005], 
[-9.539e-005,-5.992e-005], 
[4.738e-005,8.643e-005], 
[-2.38e-005,-7.022e-005], 
[-2.231e-005,5.018e-005], 

----------------------------------------------------------------n = 6
de castelijau:
t = 0.951
[-5.746e-005,-3.49e-005], 
[-2.055e-005,-3.981e-005], 
[-4.402e-005,-3.755e-005], 
[-8.115e-005,-7.949e-005], 
[-8.143e-005,7.897e-005], 
[-8.246e-005,-8.439e-005], 

polynomial:
t = 0.895
[7.96e-005,3.695e-005], 
[-7.357e-005,2.657e-005], 
[-9.56e-006,-5.289e-005], 
[-4.421e-005,5.489e-005], 
[9.215e-005,-8.301e-005], 
[-2.007e-005,2.81e-005], 

----------------------------------------------------------------n = 7
de castelijau:
t = 0.237
[-3.876e-005,-8.911e-005], 
[-9.195e-005,-7.916e-005], 
[-3.705e-005,-3.155e-005], 
[-8.873e-005,-8.297e-005], 
[-4.787e-005,-7.952e-005], 
[-7.445e-005,-9.212e-005], 
[-3.899e-005,2.956e-005], 

polynomial:
t = 0.977
[-2.578e-005,-5.868e-005], 
[-2.204e-005,-8.47e-005], 
[8.264e-005,-9.718e-005], 
[7.68e-006,9.231e-005], 
[1.189e-005,-8.885e-005], 
[4.651e-005,-4.879e-005], 
[-4.51e-006,2.83e-005], 

----------------------------------------------------------------n = 8
de castelijau:
t = 0.071
[7.598e-005,-8.52e-005], 
[8.885e-005,3.513e-005], 
[7.29e-006,-4.833e-005], 
[-3.48e-006,8.221e-005], 
[9.77e-005,2.11e-006], 
[-7.15e-005,1.101e-005], 
[7.272e-005,-7.41e-005], 
[-3.156e-005,8.148e-005], 

polynomial:
t = 0.982
[6.149e-005,-1.679e-005], 
[-9.439e-005,6.014e-005], 
[9.711e-005,-5.505e-005], 
[-9.202e-005,-4.719e-005], 
[-9.106e-005,8.505e-005], 
[-9.41e-005,-8.409e-005], 
[-8.562e-005,-8.602e-005], 
[5.257e-005,-3.404e-005], 

----------------------------------------------------------------n = 9
de castelijau:
t = 0.065
[7.422e-005,-9.128e-005], 
[-9.298e-005,-8.697e-005], 
[-4.617e-005,-3.821e-005], 
[-6.937e-005,4.127e-005], 
[-3.666e-005,3.176e-005], 
[1.174e-005,-4.273e-005], 
[-8.281e-005,-2.61e-006], 
[6.87e-005,-4.968e-005], 
[-9.394e-005,-6.526e-005], 

polynomial:
t = 0.979
[-8.55e-006,-5.124e-005], 
[-1.111e-005,-2.76e-005], 
[6.873e-005,-2.8e-007], 
[-6.456e-005,-6.001e-005], 
[9.975e-005,-5.506e-005], 
[-2.784e-005,-4.702e-005], 
[-6.572e-005,8.775e-005], 
[5.473e-005,-4.625e-005], 
[-6.398e-005,-5.027e-005], 

----------------------------------------------------------------n = 10
de castelijau:
t = 0.044
[-9.695e-005,2.919e-005], 
[-3.937e-005,-5.845e-005], 
[7.162e-005,-7.525e-005], 
[9.026e-005,3.522e-005], 
[-8.66e-006,5.696e-005], 
[1.154e-005,-2.95e-006], 
[-9.676e-005,-9.231e-005], 
[6.34e-006,5.647e-005], 
[-6.544e-005,-7.234e-005], 
[-3.61e-005,4.514e-005], 

polynomial:
t = 0.943
[1.6e-005,-8.799e-005], 
[-3.35e-006,-5.322e-005], 
[-6.72e-005,9.65e-005], 
[1.3e-005,-3.754e-005], 
[9.253e-005,8.777e-005], 
[-8.668e-005,9.803e-005], 
[-3.43e-005,9.871e-005], 
[-9.354e-005,-1.787e-005], 
[-4.616e-005,-8.008e-005], 
[-7.743e-005,-6.666e-005], 

----------------------------------------------------------------n = 11
de castelijau:
t = 0.874
[-2.43e-006,-5.455e-005], 
[9.26e-006,7.461e-005], 
[-5.253e-005,-9.944e-005], 
[-9.607e-005,-4.656e-005], 
[5.986e-005,-3.406e-005], 
[4.167e-005,-8.9e-007], 
[5.403e-005,-6.129e-005], 
[-1.038e-005,5.817e-005], 
[3.779e-005,-6.177e-005], 
[-1.743e-005,7.511e-005], 
[-8.166e-005,9.102e-005], 

polynomial:
t = 0.961
[1.293e-005,4.35e-006], 
[2.613e-005,1.162e-005], 
[-5.463e-005,2.427e-005], 
[6.28e-005,2.768e-005], 
[-8.412e-005,6.51e-006], 
[8.725e-005,-9.967e-005], 
[-6.335e-005,-1.94e-005], 
[-7.888e-005,-7.448e-005], 
[-5.845e-005,5.51e-006], 
[2.929e-005,-8.682e-005], 
[-6.813e-005,-6.926e-005], 

----------------------------------------------------------------n = 12
de castelijau:
t = 0.002
[-9.415e-005,-4.4e-005], 
[-5.946e-005,-9.176e-005], 
[-4.603e-005,-2.568e-005], 
[-8.433e-005,6.13e-006], 
[6.663e-005,-3.248e-005], 
[5.404e-005,-4.591e-005], 
[8.492e-005,9.341e-005], 
[2.57e-006,1.27e-006], 
[-9.354e-005,-2.714e-005], 
[1.051e-005,-1.023e-005], 
[-1.353e-005,8.52e-006], 
[-3.673e-005,7.066e-005], 

polynomial:
t = 0.974
[2.94e-006,-2.36e-006], 
[-1.735e-005,-8.435e-005], 
[8.129e-005,-5.75e-005], 
[-1.52e-006,-4.082e-005], 
[9.55e-005,5.011e-005], 
[-7.355e-005,9.722e-005], 
[1.608e-005,-3.411e-005], 
[-4.287e-005,-5.88e-005], 
[-8.778e-005,2.484e-005], 
[6.013e-005,9.928e-005], 
[-2.305e-005,-7.456e-005], 
[-1.829e-005,-8.866e-005], 

----------------------------------------------------------------n = 13
de castelijau:
t = 0.003
[-8.888e-005,8.179e-005], 
[-2.014e-005,-2.465e-005], 
[-8.04e-005,2.062e-005], 
[-3.791e-005,9.007e-005], 
[7.832e-005,-5.921e-005], 
[-2.99e-005,6.87e-006], 
[-5.535e-005,-9.434e-005], 
[-4.143e-005,8.506e-005], 
[2.73e-006,3.422e-005], 
[3.726e-005,-9.195e-005], 
[-6.771e-005,4.618e-005], 
[5.743e-005,-5.13e-006], 
[-7.838e-005,2.35e-006], 

polynomial:
t = 0.946
[-8.27e-005,4.12e-006], 
[5.802e-005,1.264e-005], 
[-9.928e-005,-9.86e-005], 
[5.073e-005,6.539e-005], 
[-6.336e-005,-5.344e-005], 
[-5.01e-006,2.488e-005], 
[-5.573e-005,2.531e-005], 
[4.61e-005,1.559e-005], 
[-4.415e-005,-6.735e-005], 
[-3.683e-005,-3.184e-005], 
[8.929e-005,4.28e-006], 
[-2.071e-005,5.46e-006], 
[-7.16e-006,-8.494e-005], 

----------------------------------------------------------------n = 14
de castelijau:
t = 0.031
[-8.607e-005,-6.749e-005], 
[-8.906e-005,-2.873e-005], 
[-3.76e-005,1.075e-005], 
[-4.997e-005,-3.966e-005], 
[-6.4e-007,-9.917e-005], 
[-9.104e-005,6.35e-006], 
[-6.992e-005,2.504e-005], 
[-5.728e-005,1.921e-005], 
[-6.37e-005,1.652e-005], 
[2.1e-006,4.493e-005], 
[-2.987e-005,-9.187e-005], 
[-1.329e-005,2.61e-005], 
[-8.439e-005,-1.322e-005], 
[-1.304e-005,6.167e-005], 

polynomial:
t = 0.997
[2.67e-005,-5.395e-005], 
[-6.259e-005,-8.766e-005], 
[9.111e-005,1.16e-005], 
[5.623e-005,9.201e-005], 
[2.019e-005,-3.433e-005], 
[-2.56e-006,1.388e-005], 
[-5.393e-005,-5.794e-005], 
[2.26e-005,-7.172e-005], 
[5.775e-005,8.812e-005], 
[-2.995e-005,2.568e-005], 
[9.475e-005,1.193e-005], 
[5.5e-006,-5.678e-005], 
[-7.182e-005,-4.523e-005], 
[4.362e-005,8.32e-005], 

----------------------------------------------------------------n = 15
de castelijau:
t = 0.001
[-9.923e-005,-6.853e-005], 
[-2.592e-005,-9.237e-005], 
[1.04e-006,1.067e-005], 
[-2.296e-005,-4.914e-005], 
[1.512e-005,-5.273e-005], 
[-1.706e-005,-8.166e-005], 
[9.415e-005,-8.338e-005], 
[-1.792e-005,-6.919e-005], 
[1.997e-005,-5.717e-005], 
[-2.633e-005,2.481e-005], 
[-4.45e-006,5.08e-006], 
[-5.23e-005,1.596e-005], 
[-8.29e-005,2.575e-005], 
[-4.64e-006,3.644e-005], 
[1.556e-005,7.856e-005], 

polynomial:
t = 0.967
[7.276e-005,-5.563e-005], 
[-1.71e-005,-8.469e-005], 
[7.23e-006,8e-007], 
[5.493e-005,2.33e-006], 
[2.68e-006,-3.535e-005], 
[-4.185e-005,4.88e-005], 
[-9.877e-005,-2.784e-005], 
[5.565e-005,2.667e-005], 
[8.218e-005,-8.275e-005], 
[-6.27e-006,-2.11e-006], 
[2.297e-005,-8.415e-005], 
[-7.343e-005,-4.199e-005], 
[-1.812e-005,-6.706e-005], 
[-1.559e-005,7.263e-005], 
[3.377e-005,5.245e-005], 

----------------------------------------------------------------n = 16
de castelijau:
t = 0.004
[-7.82e-005,-6.12e-005], 
[6.837e-005,-7.669e-005], 
[9.488e-005,-7.97e-005], 
[-4.92e-006,5.661e-005], 
[6.741e-005,1.536e-005], 
[4.37e-005,8.754e-005], 
[-3.059e-005,9.874e-005], 
[-7.446e-005,7.334e-005], 
[-7.434e-005,-6.16e-005], 
[-2.004e-005,-2.114e-005], 
[3.978e-005,3.539e-005], 
[9.164e-005,1.873e-005], 
[9.378e-005,3.203e-005], 
[3.864e-005,-8.833e-005], 
[-7.616e-005,-6.34e-006], 
[1.165e-005,-7.676e-005], 

polynomial:
t = 0.971
[3.927e-005,7.109e-005], 
[-5.16e-006,-5.793e-005], 
[-5.366e-005,-1.089e-005], 
[-7.159e-005,2.377e-005], 
[-2.914e-005,2.73e-006], 
[4.431e-005,7.428e-005], 
[-4.856e-005,-5.562e-005], 
[5.788e-005,8.598e-005], 
[7.205e-005,-5.741e-005], 
[-5.568e-005,3.617e-005], 
[6.3e-007,-8.05e-005], 
[-8.81e-006,4.28e-005], 
[-4.56e-005,7.42e-005], 
[-4.25e-005,3.441e-005], 
[-8.828e-005,-3.96e-005], 
[9.651e-005,5.051e-005], 

----------------------------------------------------------------n = 17
de castelijau:
t = 0.993
[2.075e-005,-8.527e-005], 
[-7.92e-005,9.35e-005], 
[-7.496e-005,5.502e-005], 
[7.496e-005,-8.472e-005], 
[-7.174e-005,-1.352e-005], 
[2.546e-005,4.379e-005], 
[-3.01e-006,1.342e-005], 
[-1.466e-005,-4.635e-005], 
[2.359e-005,5.672e-005], 
[3.442e-005,-9.002e-005], 
[7.567e-005,8.87e-005], 
[4.56e-006,3.232e-005], 
[-9.97e-005,-4.689e-005], 
[1.19e-006,-5.244e-005], 
[-3.196e-005,-3.456e-005], 
[2.626e-005,-1.873e-005], 
[-3.879e-005,-7.91e-005], 

polynomial:
t = 0.934
[9.73e-005,-6.699e-005], 
[-9.672e-005,-2.177e-005], 
[-7.735e-005,5.96e-005], 
[-5.954e-005,-3.751e-005], 
[-6.782e-005,4.168e-005], 
[9.893e-005,-9.678e-005], 
[-5.233e-005,-2.699e-005], 
[9.882e-005,-4.6e-007], 
[-3.672e-005,2.654e-005], 
[4.232e-005,-4.784e-005], 
[-5.77e-005,-9.073e-005], 
[-3.564e-005,7.43e-006], 
[5.14e-006,-9.48e-006], 
[-2.44e-006,2.69e-005], 
[-3.03e-005,3.644e-005], 
[2.847e-005,-3.618e-005], 
[-2.636e-005,4.807e-005], 

----------------------------------------------------------------n = 18
de castelijau:
t = 0.981
[1.941e-005,5.17e-005], 
[6.307e-005,-9.964e-005], 
[-2.039e-005,-4.964e-005], 
[1.371e-005,2.347e-005], 
[2.969e-005,-6.623e-005], 
[-8.76e-005,-9.696e-005], 
[4.108e-005,-5.024e-005], 
[8.27e-005,8.242e-005], 
[-9.209e-005,6.483e-005], 
[-6.43e-005,9.846e-005], 
[-2.94e-005,8.77e-005], 
[2.554e-005,9.457e-005], 
[-4.606e-005,1.507e-005], 
[-8.086e-005,-1.377e-005], 
[8.6e-007,2.878e-005], 
[-9.78e-006,3.14e-006], 
[1.035e-005,-1.109e-005], 
[2.29e-006,-6.373e-005], 

polynomial:
t = 0.979
[-4.413e-005,3.133e-005], 
[-7.26e-006,1.604e-005], 
[-8.07e-005,9.409e-005], 
[-2.592e-005,-6.792e-005], 
[-2.223e-005,1.492e-005], 
[-5.515e-005,-2.479e-005], 
[-7.081e-005,9.826e-005], 
[-5.383e-005,-3.911e-005], 
[-9.587e-005,3.213e-005], 
[8.81e-006,-7.285e-005], 
[-3.423e-005,-4.81e-006], 
[7.313e-005,-7.96e-006], 
[-4.705e-005,2.595e-005], 
[-5.38e-006,2.295e-005], 
[-3.996e-005,-1.199e-005], 
[1.249e-005,7.368e-005], 
[6.648e-005,-5.207e-005], 
[4.87e-005,7.954e-005], 

----------------------------------------------------------------n = 19
de castelijau:
t = 0.044
[-6.752e-005,-8.236e-005], 
[-8.434e-005,-4.487e-005], 
[8.611e-005,-1.329e-005], 
[8.575e-005,-2.209e-005], 
[-6.107e-005,-9.619e-005], 
[9.23e-005,-9.507e-005], 
[6.538e-005,6.565e-005], 
[-2.909e-005,-7.509e-005], 
[-9.571e-005,-4.015e-005], 
[-4.58e-005,-7.655e-005], 
[-3.875e-005,-1.962e-005], 
[-5.658e-005,1.338e-005], 
[2.462e-005,2.206e-005], 
[2.535e-005,8.681e-005], 
[-3.705e-005,1.673e-005], 
[7.48e-005,-3.035e-005], 
[-1.661e-005,2.245e-005], 
[1.338e-005,-5.603e-005], 
[-8.172e-005,-1.896e-005], 

polynomial:
t = 0.988
[-4.166e-005,-6.7e-006], 
[-1.949e-005,-6.104e-005], 
[3.983e-005,-9.227e-005], 
[-1.762e-005,3.254e-005], 
[-1.046e-005,-5.066e-005], 
[-8.86e-005,7.984e-005], 
[-1.352e-005,-7.31e-005], 
[-8.94e-005,-6.681e-005], 
[-2.378e-005,-8.925e-005], 
[7.517e-005,-1.787e-005], 
[-5.413e-005,1.944e-005], 
[6.747e-005,-6.784e-005], 
[-4.586e-005,2.127e-005], 
[2.37e-005,5.355e-005], 
[-5.85e-006,-1.304e-005], 
[7.295e-005,-4.56e-005], 
[-2.08e-006,-1.059e-005], 
[4.44e-006,7.523e-005], 
[-8.899e-005,4.848e-005], 

----------------------------------------------------------------n = 20
de castelijau:
t = 0.028
[8.954e-005,-9.353e-005], 
[-2.561e-005,-9.959e-005], 
[-5.03e-005,-3.459e-005], 
[-5.21e-006,-2.234e-005], 
[6.555e-005,-7.95e-005], 
[-3.56e-005,-3.436e-005], 
[-9.975e-005,8.926e-005], 
[-4.372e-005,-5.49e-005], 
[7.6e-006,2.459e-005], 
[-1.03e-006,1.748e-005], 
[-4.173e-005,2.549e-005], 
[2.801e-005,-8.954e-005], 
[-5.707e-005,-2.455e-005], 
[-2.237e-005,1.25e-006], 
[4.124e-005,-6.416e-005], 
[-1.8e-005,5.818e-005], 
[-4.295e-005,1.729e-005], 
[-1.507e-005,-5.184e-005], 
[-2.035e-005,-4.363e-005], 
[-2.148e-005,4.898e-005], 

polynomial:
t = 0.956
[-7.31e-006,8.802e-005], 
[-8.799e-005,-2.482e-005], 
[-5.128e-005,-3.668e-005], 
[3.017e-005,7.421e-005], 
[9.37e-005,-5.43e-006], 
[2.881e-005,7.316e-005], 
[-4.838e-005,-9.986e-005], 
[-9.93e-006,8.386e-005], 
[3.73e-006,-1.196e-005], 
[-3.752e-005,-1.36e-006], 
[-3.217e-005,-4.747e-005], 
[-9.035e-005,-9.56e-005], 
[9.053e-005,1.062e-005], 
[-6.231e-005,5.615e-005], 
[8.02e-006,-1.163e-005], 
[-6.332e-005,-9.362e-005], 
[1.373e-005,-5.166e-005], 
[-6.911e-005,-6.85e-005], 
[3.297e-005,6.615e-005], 
[-7.582e-005,6.211e-005], 

----------------------------------------------------------------