n = 1
de castelijau:
t = 0.757
[-66.05,80.26], 

polynomial:
t = 0.961
[-75.9,18.72], 

----------------------------------------------------------------n = 2
de castelijau:
t = 0.09
[79.75,-95.61], 
[-57.66,22.31], 

polynomial:
t = 0.84
[-70.49,-64.56], 
[57.44,-53.12], 

----------------------------------------------------------------n = 3
de castelijau:
t = 0.065
[-91.48,-88.91], 
[-47,-23.3], 
[41.14,-52.59], 

polynomial:
t = 0.92
[83.04,-91.71], 
[-97.22,56.52], 
[99.1,-32.97], 

----------------------------------------------------------------n = 4
de castelijau:
t = 0.058
[-85.3,-95.54], 
[-43.87,-32.79], 
[-99.79,-86.93], 
[28.13,-32.83], 

polynomial:
t = 0.946
[-98.03,14.23], 
[77.89,-18.59], 
[-93.46,-46.55], 
[99.98,-10.52], 

----------------------------------------------------------------n = 5
de castelijau:
t = 0.016
[88.07,-99.65], 
[1.91,-99.62], 
[31.9,-48.36], 
[23.7,-36.34], 
[-51.23,83.66], 

polynomial:
t = 0.916
[11.43,-34.6], 
[-95.39,-59.92], 
[47.38,86.43], 
[-23.8,-70.22], 
[-22.31,50.18], 

----------------------------------------------------------------n = 6
de castelijau:
t = 0.983
[-62.92,-94.87], 
[-43.32,-34.51], 
[48.54,-37.03], 
[12.37,-4.64], 
[-17.45,42.53], 
[-26.19,-62.08], 

polynomial:
t = 0.934
[-38.23,-65.87], 
[68.39,-33.83], 
[5.27,96.85], 
[-42.4,8.06], 
[26.17,-69.52], 
[-44.78,29.44], 

----------------------------------------------------------------n = 7
de castelijau:
t = 0.003
[-79.92,90.81], 
[40.6,-79.99], 
[8.88,90.67], 
[51.4,20.59], 
[-35.27,-55.38], 
[12.39,-63.51], 
[20.16,-17.54], 

polynomial:
t = 0.977
[-25.78,-58.68], 
[-22.04,-84.7], 
[82.64,-97.18], 
[7.68,92.31], 
[11.89,-88.85], 
[46.51,-48.79], 
[-4.51,28.3], 

----------------------------------------------------------------n = 8
de castelijau:
t = 0.042
[90.62,-54.04], 
[-11.01,-9.11], 
[-24.88,12.56], 
[82.02,-19.74], 
[-21.97,-76.69], 
[-85.23,-77.3], 
[-81.16,-66.1], 
[47.99,-2.35], 

polynomial:
t = 0.923
[-61.64,-19.92], 
[21.72,-69.45], 
[17.5,85.16], 
[-88.72,-83.27], 
[-49.48,97.92], 
[-30.62,40.66], 
[41.01,-90.71], 
[-24.36,-17.03], 

----------------------------------------------------------------n = 9
de castelijau:
t = 0.986
[-61.9,-47.18], 
[89.06,-92.3], 
[-82.67,-55.29], 
[-84.2,-46.56], 
[15.38,45.61], 
[-2.12,-63.22], 
[-55.76,68.49], 
[68.77,-49.3], 
[-61.59,-83.5], 

polynomial:
t = 0.936
[-35.6,-81.19], 
[24.93,67.75], 
[-22.18,-82.88], 
[-62.48,52.52], 
[99.09,-79.86], 
[-8.17,-59.91], 
[27.25,51.01], 
[32.08,-49.71], 
[-67.58,31.57], 

----------------------------------------------------------------n = 10
de castelijau:
t = 0.01
[96.59,1.32], 
[-53.3,19.95], 
[9.68,94.78], 
[-84.4,-43.19], 
[34.58,-48.91], 
[-52.4,-72.85], 
[40.39,-36.63], 
[-8.22,66.66], 
[13.76,26.57], 
[-58.86,28.6], 

polynomial:
t = 0.969
[-83.95,28.55], 
[-86.23,68.13], 
[19.3,-79.95], 
[-72.06,86.74], 
[-65.3,-46.46], 
[97.34,-58.02], 
[19.17,-33.48], 
[-64.08,82.85], 
[23.11,34.78], 
[-9.39,-77.78], 

----------------------------------------------------------------n = 11
de castelijau:
t = 0.029
[94.94,-13.92], 
[2.33,-20.6], 
[-60.77,-48.74], 
[-89.41,89.64], 
[74.97,68.58], 
[-58.8,-18.34], 
[-45.43,-69.65], 
[-6.17,-49.82], 
[-29.74,-92.6], 
[-37.33,-41.42], 
[36.56,82.75], 

polynomial:
t = 0.999
[-43.34,-65.62], 
[-93.95,-48.18], 
[91.47,-4.21], 
[-96.15,73.84], 
[-26.7,-44], 
[0.58,33.97], 
[-22.14,-20.05], 
[-49.12,0.7], 
[-44.67,-32.55], 
[-55.17,60.94], 
[-51.76,70.14], 

----------------------------------------------------------------n = 12
de castelijau:
t = 0.061
[-77.76,-90.25], 
[-46.62,-62.71], 
[-67.27,53.61], 
[-27.8,17.62], 
[60.24,-38.94], 
[-53.14,-0.4], 
[-67.24,-19.04], 
[-35.85,-68.47], 
[64.67,-1.14], 
[45.28,-98.76], 
[-42.8,-78.91], 
[4.89,61.78], 

polynomial:
t = 0.969
[86.55,-81.2], 
[-39.71,-20.4], 
[-98.25,-24.32], 
[76.03,97.77], 
[-94.66,-18.47], 
[-21.13,70.86], 
[4.51,-12.32], 
[-61.6,12.85], 
[-19.3,-45.7], 
[30.78,-66.11], 
[-97.42,-45.41], 
[-32.96,-46.3], 

----------------------------------------------------------------n = 13
de castelijau:
t = 0.969
[-90.82,-27.87], 
[-48.16,-27.47], 
[-56.78,-10.21], 
[-36.96,-55.87], 
[74.86,-75.37], 
[-72.08,-62.48], 
[50.26,-8.13], 
[-0.61,-61.2], 
[55.28,-51.71], 
[21.46,-35.66], 
[-78.69,39.07], 
[38.32,-42.74], 
[23.58,-34.72], 

polynomial:
t = 0.983
[4.93,21.45], 
[36.24,2.79], 
[-11.68,-35.17], 
[-4.42,81.84], 
[-71.38,-49.51], 
[87.11,-53.46], 
[45.36,81.91], 
[61.05,34.35], 
[14.75,0.7], 
[-97.18,17.7], 
[-85.64,25.68], 
[25,-20.41], 
[-98.78,10.42], 

----------------------------------------------------------------n = 14
de castelijau:
t = 0.986
[-34.2,-88.44], 
[23.69,-82.46], 
[-66.68,-10.57], 
[-43.69,-84.43], 
[21.11,-77], 
[3.3,94.81], 
[-79.8,-34.05], 
[-47.02,-53.51], 
[-18.42,31.61], 
[-86.52,21.01], 
[76.93,23.79], 
[14.56,-13.52], 
[-40.63,-93.68], 
[-85.82,77.77], 

polynomial:
t = 0.998
[58.67,-77.85], 
[27.6,-6.68], 
[32.15,23.05], 
[-15.68,21.55], 
[1.31,-67.49], 
[90.85,80.27], 
[45.26,-60.81], 
[33.23,15.08], 
[49.95,-21.43], 
[5.6,86.35], 
[65.65,-72.74], 
[81.24,9.71], 
[-92.98,-48.03], 
[-40.36,-29.29], 

----------------------------------------------------------------n = 15
de castelijau:
t = 0.996
[22.18,16.63], 
[-12.26,-51.57], 
[-42.53,77.12], 
[-61.12,33.97], 
[-24.13,27.56], 
[-89.53,-5.26], 
[12.63,75.98], 
[-11.86,98.11], 
[-62.22,-36.02], 
[98.21,54], 
[16.3,93.3], 
[-58.44,-79.49], 
[-1.79,-88.91], 
[-53.46,-86.4], 
[-35.54,-69.59], 

polynomial:
t = 0.991
[14.07,-65.48], 
[76.79,-28], 
[-1.76,-64.65], 
[-31.19,4.02], 
[-9.69,-95.37], 
[-68.58,-83.65], 
[39.73,-78.65], 
[21.9,-41.57], 
[-8.08,2.32], 
[-58.41,-73.5], 
[-57.58,-83.47], 
[-32.53,99.24], 
[-3.44,-78.15], 
[15.25,0.09], 
[-8.54,-79.4], 

----------------------------------------------------------------n = 16
de castelijau:
t = 0.857
[85.93,-80.74], 
[-92.89,-65.14], 
[-72.19,-66.1], 
[-56.25,-87.08], 
[85.47,-82.01], 
[13.98,-1.44], 
[-19.86,-95.49], 
[19.96,-81.89], 
[-72.16,-78], 
[-0.13,56.01], 
[67.8,-58.64], 
[21.9,-26.66], 
[-20.68,-80.49], 
[-33.2,-24.48], 
[-60.68,-95.95], 
[-55.92,-93.09], 

polynomial:
t = 0.973
[54.18,-12.06], 
[91.33,94.52], 
[9.67,63.9], 
[-17.33,66.14], 
[37.67,69.58], 
[99.63,-99.87], 
[-13.49,54.2], 
[45.77,57.67], 
[-17.34,72.63], 
[-52.45,16.14], 
[25.74,32.59], 
[-48.63,-57.65], 
[63.29,-63.16], 
[12.68,-29.62], 
[-84.83,-2.13], 
[84.2,39.67], 

----------------------------------------------------------------n = 17
de castelijau:
t = 0.002
[0.86,87.85], 
[-12.44,-65.75], 
[-45.96,-45.07], 
[71.12,-54.02], 
[41.09,75.54], 
[84.71,-55.26], 
[-9.46,35.39], 
[48.64,-60.48], 
[1.82,27.16], 
[-45.44,48.35], 
[-11.14,-54.33], 
[27.41,-27.47], 
[-78.5,-52.87], 
[-13.53,-41.4], 
[-31.94,26.28], 
[1.63,70.78], 
[20.98,-83.48], 

polynomial:
t = 0.998
[-64.5,5.99], 
[23.79,-6.18], 
[-28.59,5.82], 
[-36.65,-99.66], 
[27.6,85.48], 
[-82.82,-87.89], 
[-41.91,-32.6], 
[-74.01,-4.52], 
[-93.06,-60.92], 
[-42.32,4.64], 
[56.97,-49.96], 
[-8.76,-56.7], 
[62.19,-2.2], 
[-34.12,85.84], 
[-68.03,-74.92], 
[-73.98,4.65], 
[-50.78,-25.69], 

----------------------------------------------------------------n = 18
de castelijau:
t = 0.005
[-98.54,-93.4], 
[12.27,89.46], 
[-24.67,29.29], 
[11.19,34.66], 
[-36.26,3.86], 
[-61.17,8.78], 
[83.6,-99.02], 
[-68.22,-20.26], 
[10.85,-69.93], 
[-41.45,-65.28], 
[-79.27,84.99], 
[-51.04,-98.95], 
[61.63,-57.71], 
[-57.5,16.64], 
[-87.53,-14.99], 
[-20.79,-91.13], 
[86.95,10.11], 
[-81.74,13.75], 

polynomial:
t = 0.995
[-92.98,-65.55], 
[-67.7,62.34], 
[11.69,-72.58], 
[55.08,95.7], 
[33.14,-21.87], 
[-81.22,-13.22], 
[43.27,-75.23], 
[-73.99,-12.93], 
[-49.77,-57.79], 
[13.56,91.2], 
[-30.09,-48.33], 
[-14.23,48.12], 
[9.83,75.79], 
[-58.73,-48.32], 
[68.37,-88.34], 
[-22.15,9.41], 
[43.65,9.16], 
[13.36,-11.13], 

----------------------------------------------------------------n = 19
de castelijau:
t = 0.065
[92.54,35.08], 
[98.15,18.52], 
[92.32,38.99], 
[-15.22,-78.04], 
[-7.06,60.69], 
[7.28,50.86], 
[94.87,-71.82], 
[78.57,-88.29], 
[51.15,17.54], 
[-48.11,-52.73], 
[-78.15,79.62], 
[-37.64,59.3], 
[23.03,-82.95], 
[94.46,12.84], 
[-38.6,-32.1], 
[-95.95,90], 
[-37.06,97.1], 
[-85.47,18.93], 
[-66.92,35.44], 

polynomial:
t = 0.999
[-2.05,48.13], 
[-85.3,-60.96], 
[-34.44,-74.61], 
[64.77,-1.99], 
[7.69,-71.85], 
[97.84,-30.46], 
[-5.55,-43.05], 
[-26.98,4.63], 
[-65.2,-66.61], 
[1.36,8.66], 
[-51.78,-65.41], 
[17.41,-2.75], 
[-53.16,13.08], 
[5.17,-59.54], 
[-66.88,0.22], 
[-90.38,92.44], 
[58.23,-36.53], 
[-45.1,77.87], 
[-41.09,-99.45], 

----------------------------------------------------------------n = 20
de castelijau:
t = 0.998
[-98.43,45.15], 
[-42.04,-97.4], 
[63.46,11.38], 
[89.18,50], 
[-0.27,-60.82], 
[-81.74,24.09], 
[-41.71,60.08], 
[22.83,5.55], 
[-68.67,-53.92], 
[-46.1,10.19], 
[83.76,-47.44], 
[-47.3,-5.4], 
[81.68,-73.17], 
[6.09,-62.89], 
[-20.38,11.04], 
[-44.31,89.76], 
[-21.78,41.85], 
[11.91,-99.55], 
[26,-67.06], 
[26.19,-20.16], 

polynomial:
t = 1
[43.67,19.82], 
[-34.64,2.54], 
[-20.05,-11.93], 
[12.62,18.62], 
[-98.35,-34.36], 
[-71.67,20.01], 
[-12.4,-37.5], 
[62.62,52.47], 
[-79.41,-47.2], 
[95.39,32.91], 
[-28.57,-6.29], 
[27.25,-35.47], 
[-31.23,-62.32], 
[-1.47,12.04], 
[63.45,50.47], 
[16.57,-58.29], 
[-78.38,-31.38], 
[-58.76,-51.73], 
[46.61,6.66], 
[-25.36,33.23], 

----------------------------------------------------------------