n = 1
de castelijau:
t = 0.937
[-0.1598,-0.9499], 

bezier:
t = 0.937
[-0.1598,-0.9499], 

----------------------------------------------------------------n = 2
de castelijau:
t = 0.93
[-0.9085,-0.9226], 
[-0.6346,-0.0388], 

bezier:
t = 0.93
[-0.9085,-0.9226], 
[-0.6346,-0.0388], 

----------------------------------------------------------------n = 3
de castelijau:
t = 0.99
[-0.1074,0.5931], 
[-0.5154,0.6594], 
[-0.9617,0.7524], 

bezier:
t = 0.99
[-0.1074,0.5931], 
[-0.5154,0.6594], 
[-0.9617,0.7524], 

----------------------------------------------------------------n = 4
de castelijau:
t = 0.963
[0.7651,0.1125], 
[0.8589,0.2197], 
[0.1834,-0.3186], 
[-0.8178,0.1439], 

bezier:
t = 0.963
[0.7651,0.1125], 
[0.8589,0.2197], 
[0.1834,-0.3186], 
[-0.8178,0.1439], 

----------------------------------------------------------------n = 5
de castelijau:
t = 0.994
[0.8947,0.9887], 
[0.8124,-0.3053], 
[0.8915,0.5265], 
[0.0375,-0.4238], 
[-0.6843,-0.4913], 

bezier:
t = 0.994
[0.8947,0.9887], 
[0.8124,-0.3053], 
[0.8915,0.5265], 
[0.0375,-0.4238], 
[-0.6843,-0.4913], 

----------------------------------------------------------------n = 6
de castelijau:
t = 0.992
[0.9721,0.9339], 
[0.8709,0.5602], 
[-0.8275,0.8367], 
[0.6285,-0.0478], 
[-0.5691,0.1518], 
[-0.5749,-0.6796], 

bezier:
t = 0.992
[0.9721,0.9339], 
[0.8709,0.5602], 
[-0.8275,0.8367], 
[0.6285,-0.0478], 
[-0.5691,0.1518], 
[-0.5749,-0.6796], 

----------------------------------------------------------------n = 7
de castelijau:
t = 0.987
[0.5864,-0.9406], 
[-0.3744,-0.8474], 
[-0.4601,0.4101], 
[-0.5743,-0.7089], 
[0.288,0.2303], 
[0.3384,-0.1412], 
[-0.4402,-0.7608], 

bezier:
t = 0.987
[0.5864,-0.9406], 
[-0.3744,-0.8474], 
[-0.4601,0.4101], 
[-0.5743,-0.7089], 
[0.288,0.2303], 
[0.3384,-0.1412], 
[-0.4402,-0.7608], 

----------------------------------------------------------------n = 8
de castelijau:
t = 0.967
[-0.631,-0.9112], 
[-0.4843,-0.9342], 
[-0.5275,-0.6098], 
[0.0433,-0.2314], 
[-0.043,-0.4865], 
[-0.6555,-0.4384], 
[-0.5985,-0.0927], 
[0.3474,0.0948], 

bezier:
t = 0.967
[-0.631,-0.9112], 
[-0.4843,-0.9342], 
[-0.5275,-0.6098], 
[0.0433,-0.2314], 
[-0.043,-0.4865], 
[-0.6555,-0.4384], 
[-0.5985,-0.0927], 
[0.3474,0.0948], 

----------------------------------------------------------------n = 9
de castelijau:
t = 0.995
[-0.8876,-0.499], 
[-0.2269,-0.8751], 
[0.5884,-0.7472], 
[-0.9744,0.8302], 
[0.2086,-0.722], 
[0.7125,-0.099], 
[0.4731,-0.5791], 
[0.9935,-0.2194], 
[-0.4408,-0.0129], 

bezier:
t = 0.995
[-0.8876,-0.499], 
[-0.2269,-0.8751], 
[0.5884,-0.7472], 
[-0.9744,0.8302], 
[0.2086,-0.722], 
[0.7125,-0.099], 
[0.4731,-0.5791], 
[0.9935,-0.2194], 
[-0.4408,-0.0129], 

----------------------------------------------------------------n = 10
de castelijau:
t = 0.962
[-0.9158,-0.9801], 
[-0.5539,-0.5876], 
[0.0933,-0.5681], 
[-0.239,-0.4703], 
[-0.8839,0.1317], 
[0.2101,-0.7269], 
[-0.1484,-0.1521], 
[-0.6328,-0.3988], 
[-0.4676,-0.0598], 
[-0.0422,0.8386], 

bezier:
t = 0.962
[-0.9158,-0.9801], 
[-0.5539,-0.5876], 
[0.0933,-0.5681], 
[-0.239,-0.4703], 
[-0.8839,0.1317], 
[0.2101,-0.7269], 
[-0.1484,-0.1521], 
[-0.6328,-0.3988], 
[-0.4676,-0.0598], 
[-0.0422,0.8386], 

----------------------------------------------------------------n = 11
de castelijau:
t = 0.998
[0.5613,-0.5823], 
[0.1627,-0.3815], 
[0.9162,-0.1178], 
[0.6966,-0.6685], 
[-0.477,-0.5033], 
[0.2912,0.1495], 
[-0.0185,0.2727], 
[-0.4733,-0.297], 
[0.925,0.0085], 
[0.3133,-0.8684], 
[-0.2917,0.1287], 

bezier:
t = 0.998
[0.5613,-0.5823], 
[0.1627,-0.3815], 
[0.9162,-0.1178], 
[0.6966,-0.6685], 
[-0.477,-0.5033], 
[0.2912,0.1495], 
[-0.0185,0.2727], 
[-0.4733,-0.297], 
[0.925,0.0085], 
[0.3133,-0.8684], 
[-0.2917,0.1287], 

----------------------------------------------------------------n = 12
de castelijau:
t = 0.998
[0.6507,-0.6235], 
[0.1997,-0.3744], 
[-0.6705,0.2263], 
[0.9048,-0.5476], 
[-0.4954,-0.9427], 
[-0.0288,-0.9275], 
[-0.9494,0.8585], 
[-0.7057,-0.0597], 
[0.6328,-0.8313], 
[-0.5379,-0.3267], 
[-0.4723,0.6394], 
[0.3757,-0.7585], 

bezier:
t = 0.998
[0.6507,-0.6235], 
[0.1997,-0.3744], 
[-0.6705,0.2263], 
[0.9048,-0.5476], 
[-0.4954,-0.9427], 
[-0.0288,-0.9275], 
[-0.9494,0.8585], 
[-0.7057,-0.0597], 
[0.6328,-0.8313], 
[-0.5379,-0.3267], 
[-0.4723,0.6394], 
[0.3757,-0.7585], 

----------------------------------------------------------------n = 13
de castelijau:
t = 0.998
[-0.8097,-0.8496], 
[-0.0299,-0.1582], 
[-0.0793,0.181], 
[0.811,-0.9738], 
[-0.7563,0.6112], 
[-0.5092,-0.8126], 
[0.5452,0.2339], 
[-0.4748,0.5642], 
[0.7304,0.0825], 
[-0.7754,-0.9639], 
[0.4725,-0.9458], 
[-0.617,-0.724], 
[0.227,-0.8532], 

bezier:
t = 0.998
[-0.8097,-0.8496], 
[-0.0299,-0.1582], 
[-0.0793,0.181], 
[0.811,-0.9738], 
[-0.7563,0.6112], 
[-0.5092,-0.8126], 
[0.5452,0.2339], 
[-0.4748,0.5642], 
[0.7304,0.0825], 
[-0.7754,-0.9639], 
[0.4725,-0.9458], 
[-0.617,-0.724], 
[0.227,-0.8532], 

----------------------------------------------------------------n = 14
de castelijau:
t = 0.98
[-0.5005,0.7545], 
[0.1832,0.6477], 
[0.9237,-0.3146], 
[0.604,0.2962], 
[0.229,-0.9131], 
[-0.5326,-0.776], 
[-0.8962,-0.1747], 
[0.2345,-0.0428], 
[-0.6481,-0.4428], 
[0.6664,-0.1124], 
[0.8332,-0.278], 
[0.3028,-0.8151], 
[-0.6269,0.7546], 
[-0.045,-0.8673], 

bezier:
t = 0.98
[-0.5005,0.7545], 
[0.1832,0.6477], 
[0.9237,-0.3146], 
[0.604,0.2962], 
[0.229,-0.9131], 
[-0.5326,-0.776], 
[-0.8962,-0.1747], 
[0.2345,-0.0428], 
[-0.6481,-0.4428], 
[0.6664,-0.1124], 
[0.8332,-0.278], 
[0.3028,-0.8151], 
[-0.6269,0.7546], 
[-0.045,-0.8673], 

----------------------------------------------------------------n = 15
de castelijau:
t = 0.957
[0.9511,-0.9086], 
[0.3847,-0.8183], 
[-0.8897,-0.6195], 
[0.2697,-0.0579], 
[-0.9869,0.7846], 
[0.7901,-0.7065], 
[0.7658,-0.0788], 
[-0.0138,0.4762], 
[-0.9063,-0.5338], 
[-0.706,0.3036], 
[0.5535,-0.1556], 
[0.4562,-0.7989], 
[-0.3435,0.1378], 
[-0.582,-0.0963], 
[-0.9852,-0.0893], 

bezier:
t = 0.957
[0.9511,-0.9086], 
[0.3847,-0.8183], 
[-0.8897,-0.6195], 
[0.2697,-0.0579], 
[-0.9869,0.7846], 
[0.7901,-0.7065], 
[0.7658,-0.0788], 
[-0.0138,0.4762], 
[-0.9063,-0.5338], 
[-0.706,0.3036], 
[0.5535,-0.1556], 
[0.4562,-0.7989], 
[-0.3435,0.1378], 
[-0.582,-0.0963], 
[-0.9852,-0.0893], 

----------------------------------------------------------------n = 16
de castelijau:
t = 0.989
[-0.6811,-0.6587], 
[-0.8368,0.4094], 
[-0.4094,-0.6224], 
[-0.3521,0.9244], 
[0.9761,-0.7181], 
[-0.0759,-0.764], 
[-0.1477,0.077], 
[0.3103,-0.3042], 
[-0.5648,-0.673], 
[-0.6037,0.1135], 
[-0.419,-0.4136], 
[-0.1066,-0.4912], 
[-0.5928,-0.4987], 
[0.356,-0.6439], 
[-0.9433,0.7567], 
[-0.7599,-0.3509], 

bezier:
t = 0.989
[-0.6811,-0.6587], 
[-0.8368,0.4094], 
[-0.4094,-0.6224], 
[-0.3521,0.9244], 
[0.9761,-0.7181], 
[-0.0759,-0.764], 
[-0.1477,0.077], 
[0.3103,-0.3042], 
[-0.5648,-0.673], 
[-0.6037,0.1135], 
[-0.419,-0.4136], 
[-0.1066,-0.4912], 
[-0.5928,-0.4987], 
[0.356,-0.6439], 
[-0.9433,0.7567], 
[-0.7599,-0.3509], 

----------------------------------------------------------------n = 17
de castelijau:
t = 0.986
[-0.4559,-0.3899], 
[-0.6565,-0.0812], 
[0.5195,-0.1357], 
[0.1585,0.1955], 
[-0.2001,-0.2416], 
[-0.334,-0.4891], 
[-0.7769,0.6874], 
[-0.553,0.1454], 
[0.8577,0.8885], 
[0.205,-0.9616], 
[-0.3084,-0.4282], 
[-0.2354,-0.0527], 
[-0.751,0.6947], 
[0.0087,0.7475], 
[-0.2656,-0.7673], 
[-0.3142,0.1016], 
[-0.3064,-0.751], 

bezier:
t = 0.986
[-0.4559,-0.3899], 
[-0.6565,-0.0812], 
[0.5195,-0.1357], 
[0.1585,0.1955], 
[-0.2001,-0.2416], 
[-0.334,-0.4891], 
[-0.7769,0.6874], 
[-0.553,0.1454], 
[0.8577,0.8885], 
[0.205,-0.9616], 
[-0.3084,-0.4282], 
[-0.2354,-0.0527], 
[-0.751,0.6947], 
[0.0087,0.7475], 
[-0.2656,-0.7673], 
[-0.3142,0.1016], 
[-0.3064,-0.751], 

----------------------------------------------------------------n = 18
de castelijau:
t = 1
[-0.1034,0.8246], 
[-0.5992,-0.3903], 
[-0.3964,-0.2425], 
[-0.4852,-0.6524], 
[0.3354,-0.7853], 
[0.1871,-0.4877], 
[-0.2201,-0.77], 
[0.8524,0.4057], 
[-0.38,-0.5187], 
[0.0224,0.1324], 
[-0.2946,-0.5617], 
[0.2522,0.155], 
[-0.2665,0.2402], 
[0.1733,-0.2693], 
[0.4147,-0.559], 
[0.4319,-0.6853], 
[0.7111,-0.6829], 
[-0.2068,0.4025], 

bezier:
t = 1
[-0.1034,0.8246], 
[-0.5992,-0.3903], 
[-0.3964,-0.2425], 
[-0.4852,-0.6524], 
[0.3354,-0.7853], 
[0.1871,-0.4877], 
[-0.2201,-0.77], 
[0.8524,0.4057], 
[-0.38,-0.5187], 
[0.0224,0.1324], 
[-0.2946,-0.5617], 
[0.2522,0.155], 
[-0.2665,0.2402], 
[0.1733,-0.2693], 
[0.4147,-0.559], 
[0.4319,-0.6853], 
[0.7111,-0.6829], 
[-0.2068,0.4025], 

----------------------------------------------------------------n = 19
de castelijau:
t = 0.982
[0.7558,0.0426], 
[0.1242,-0.474], 
[0.7051,-0.8737], 
[0.8654,0.9196], 
[-0.9825,-0.7694], 
[-0.2623,-0.1838], 
[-0.7407,-0.0725], 
[-0.0855,-0.9511], 
[0.6611,-0.3199], 
[-0.2224,0.3069], 
[-0.5826,0.6485], 
[-0.7281,0.8], 
[0.7424,0.0855], 
[-0.9163,-0.0354], 
[-0.8176,-0.4084], 
[-0.2671,0.3394], 
[-0.6852,0.1971], 
[-0.05,-0.5159], 
[-0.0046,-0.0573], 

bezier:
t = 0.982
[0.7558,0.0426], 
[0.1242,-0.474], 
[0.7051,-0.8737], 
[0.8654,0.9196], 
[-0.9825,-0.7694], 
[-0.2623,-0.1838], 
[-0.7407,-0.0725], 
[-0.0855,-0.9511], 
[0.6611,-0.3199], 
[-0.2224,0.3069], 
[-0.5826,0.6485], 
[-0.7281,0.8], 
[0.7424,0.0855], 
[-0.9163,-0.0354], 
[-0.8176,-0.4084], 
[-0.2671,0.3394], 
[-0.6852,0.1971], 
[-0.05,-0.5159], 
[-0.0046,-0.0573], 

----------------------------------------------------------------n = 20
de castelijau:
t = 0.995
[-0.9388,-0.9853], 
[-0.7882,-0.9741], 
[0.2724,0.2638], 
[-0.8684,-0.8448], 
[-0.0662,-0.059], 
[-0.4846,0.5785], 
[-0.9913,-0.8626], 
[-0.2349,-0.9977], 
[0.2345,0.9821], 
[-0.8252,0.0528], 
[-0.4937,-0.3364], 
[-0.5527,0.4769], 
[0.9972,0.5045], 
[0.7731,-0.751], 
[0.9954,-0.8464], 
[-0.0815,0.9519], 
[-0.5308,0.2386], 
[0.1043,-0.3427], 
[-0.6777,0.394], 
[0.0099,-0.0199], 

bezier:
t = 0.995
[-0.9388,-0.9853], 
[-0.7882,-0.9741], 
[0.2724,0.2638], 
[-0.8684,-0.8448], 
[-0.0662,-0.059], 
[-0.4846,0.5785], 
[-0.9913,-0.8626], 
[-0.2349,-0.9977], 
[0.2345,0.9821], 
[-0.8252,0.0528], 
[-0.4937,-0.3364], 
[-0.5527,0.4769], 
[0.9972,0.5045], 
[0.7731,-0.751], 
[0.9954,-0.8464], 
[-0.0815,0.9519], 
[-0.5308,0.2386], 
[0.1043,-0.3427], 
[-0.6777,0.394], 
[0.0099,-0.0199], 

----------------------------------------------------------------