n = 1
de castelijau:
t = 0.869
[9.101e-005,-8.745e-005], 

bezier:
t = 0.869
[9.101e-005,-8.745e-005], 

----------------------------------------------------------------n = 2
de castelijau:
t = 0.951
[-7.336e-005,-5.306e-005], 
[-5.17e-005,6.57e-006], 

bezier:
t = 0.838
[-8.462e-005,-2.735e-005], 
[-8.883e-005,-4.29e-005], 

----------------------------------------------------------------n = 3
de castelijau:
t = 0.973
[-9.739e-005,-2.583e-005], 
[-8.787e-005,-8.397e-005], 
[-1.673e-005,-6.695e-005], 

bezier:
t = 0.934
[-9.938e-005,-6.126e-005], 
[-8.251e-005,-6.881e-005], 
[-2.83e-005,-2.945e-005], 

----------------------------------------------------------------n = 4
de castelijau:
t = 0.886
[-8.933e-005,-1.694e-005], 
[-9.032e-005,1.65e-006], 
[1.983e-005,-2.659e-005], 
[-8.687e-005,7.576e-005], 

bezier:
t = 0.978
[-4.48e-005,-4.281e-005], 
[-4.74e-005,-9.258e-005], 
[8.85e-005,-7.183e-005], 
[-2.14e-006,-4.288e-005], 

----------------------------------------------------------------n = 5
de castelijau:
t = 0.91
[3.725e-005,5.096e-005], 
[8.109e-005,8.911e-005], 
[-1.971e-005,9.367e-005], 
[-7.44e-006,-3.996e-005], 
[8.517e-005,-9.052e-005], 

bezier:
t = 0.91
[3.725e-005,5.096e-005], 
[8.109e-005,8.911e-005], 
[-1.971e-005,9.367e-005], 
[-7.44e-006,-3.996e-005], 
[8.517e-005,-9.052e-005], 

----------------------------------------------------------------n = 6
de castelijau:
t = 0.992
[9.721e-005,9.339e-005], 
[8.709e-005,5.602e-005], 
[-8.275e-005,8.367e-005], 
[6.285e-005,-4.78e-006], 
[-5.691e-005,1.518e-005], 
[-5.749e-005,-6.796e-005], 

bezier:
t = 0.992
[9.721e-005,9.339e-005], 
[8.709e-005,5.602e-005], 
[-8.275e-005,8.367e-005], 
[6.285e-005,-4.78e-006], 
[-5.691e-005,1.518e-005], 
[-5.749e-005,-6.796e-005], 

----------------------------------------------------------------n = 7
de castelijau:
t = 0.997
[-8.767e-005,-3.64e-006], 
[1.386e-005,-5.909e-005], 
[2.456e-005,-8.855e-005], 
[-1.281e-005,-6.298e-005], 
[-3.447e-005,-4.6e-007], 
[-5.571e-005,5.785e-005], 
[-9.926e-005,-5.753e-005], 

bezier:
t = 0.997
[-8.767e-005,-3.64e-006], 
[1.386e-005,-5.909e-005], 
[2.456e-005,-8.855e-005], 
[-1.281e-005,-6.298e-005], 
[-3.447e-005,-4.6e-007], 
[-5.571e-005,5.785e-005], 
[-9.926e-005,-5.753e-005], 

----------------------------------------------------------------n = 8
de castelijau:
t = 0.977
[-8.16e-005,8.173e-005], 
[-9.141e-005,9.408e-005], 
[-6.01e-006,6.991e-005], 
[-6.27e-006,2.332e-005], 
[-2.949e-005,-9.421e-005], 
[-7.421e-005,1.82e-006], 
[3.77e-005,-9.294e-005], 
[2.096e-005,7.988e-005], 

bezier:
t = 0.977
[-8.16e-005,8.173e-005], 
[-9.141e-005,9.408e-005], 
[-6.01e-006,6.991e-005], 
[-6.27e-006,2.332e-005], 
[-2.949e-005,-9.421e-005], 
[-7.421e-005,1.82e-006], 
[3.77e-005,-9.294e-005], 
[2.096e-005,7.988e-005], 

----------------------------------------------------------------n = 9
de castelijau:
t = 1
[-9.328e-005,-1.646e-005], 
[-3.16e-006,-6.128e-005], 
[1.16e-006,3.01e-005], 
[-2.148e-005,-6.496e-005], 
[-5.171e-005,-6.201e-005], 
[2.76e-005,-3.933e-005], 
[2.381e-005,2.86e-005], 
[-7.167e-005,-5.66e-005], 
[-7.619e-005,-1.456e-005], 

bezier:
t = 1
[-9.328e-005,-1.646e-005], 
[-3.16e-006,-6.128e-005], 
[1.16e-006,3.01e-005], 
[-2.148e-005,-6.496e-005], 
[-5.171e-005,-6.201e-005], 
[2.76e-005,-3.933e-005], 
[2.381e-005,2.86e-005], 
[-7.167e-005,-5.66e-005], 
[-7.619e-005,-1.456e-005], 

----------------------------------------------------------------n = 10
de castelijau:
t = 0.991
[8.42e-005,9.667e-005], 
[7.954e-005,5.908e-005], 
[5.29e-006,6.809e-005], 
[3.725e-005,-9.242e-005], 
[5.22e-006,5.789e-005], 
[-3.848e-005,1.118e-005], 
[-7.951e-005,-8.942e-005], 
[-3.495e-005,1.85e-005], 
[4.49e-006,6.36e-006], 
[7.158e-005,-6.632e-005], 

bezier:
t = 0.991
[8.42e-005,9.667e-005], 
[7.954e-005,5.908e-005], 
[5.29e-006,6.809e-005], 
[3.725e-005,-9.242e-005], 
[5.22e-006,5.789e-005], 
[-3.848e-005,1.118e-005], 
[-7.951e-005,-8.942e-005], 
[-3.495e-005,1.85e-005], 
[4.49e-006,6.36e-006], 
[7.158e-005,-6.632e-005], 

----------------------------------------------------------------n = 11
de castelijau:
t = 0.984
[-9.824e-005,-6.426e-005], 
[-4.574e-005,-1.943e-005], 
[-6.73e-005,-3.203e-005], 
[-5.879e-005,3.506e-005], 
[-6.297e-005,-1.554e-005], 
[-3.788e-005,9.306e-005], 
[4.37e-005,1.346e-005], 
[4.248e-005,-7.178e-005], 
[8.69e-006,-4.609e-005], 
[-7.285e-005,-7.249e-005], 
[-8.33e-006,-3.677e-005], 

bezier:
t = 0.984
[-9.824e-005,-6.426e-005], 
[-4.574e-005,-1.943e-005], 
[-6.73e-005,-3.203e-005], 
[-5.879e-005,3.506e-005], 
[-6.297e-005,-1.554e-005], 
[-3.788e-005,9.306e-005], 
[4.37e-005,1.346e-005], 
[4.248e-005,-7.178e-005], 
[8.69e-006,-4.609e-005], 
[-7.285e-005,-7.249e-005], 
[-8.33e-006,-3.677e-005], 

----------------------------------------------------------------n = 12
de castelijau:
t = 0.927
[4.488e-005,-9.869e-005], 
[3.731e-005,-9.953e-005], 
[-1.044e-005,2.524e-005], 
[1.678e-005,7.43e-006], 
[4.833e-005,-4.11e-005], 
[-5.639e-005,7.877e-005], 
[1.529e-005,3.56e-006], 
[-1.962e-005,8.953e-005], 
[4.308e-005,-5.785e-005], 
[-2.316e-005,3.33e-006], 
[-8.277e-005,-9.795e-005], 
[-2.211e-005,9.584e-005], 

bezier:
t = 0.927
[4.488e-005,-9.869e-005], 
[3.731e-005,-9.953e-005], 
[-1.044e-005,2.524e-005], 
[1.678e-005,7.43e-006], 
[4.833e-005,-4.11e-005], 
[-5.639e-005,7.877e-005], 
[1.529e-005,3.56e-006], 
[-1.962e-005,8.953e-005], 
[4.308e-005,-5.785e-005], 
[-2.316e-005,3.33e-006], 
[-8.277e-005,-9.795e-005], 
[-2.211e-005,9.584e-005], 

----------------------------------------------------------------n = 13
de castelijau:
t = 0.992
[8.882e-005,9.567e-005], 
[7.893e-005,-6.963e-005], 
[9.828e-005,-5.839e-005], 
[1.004e-005,6.723e-005], 
[-6.726e-005,-8.021e-005], 
[-2.22e-006,-3.622e-005], 
[-1.595e-005,-6.893e-005], 
[2.06e-006,-8.35e-005], 
[-6.24e-006,5.14e-005], 
[-7.511e-005,6.35e-006], 
[-1.859e-005,-9.69e-006], 
[-9.26e-006,-7.573e-005], 
[-2.089e-005,-7.412e-005], 

bezier:
t = 0.992
[8.882e-005,9.567e-005], 
[7.893e-005,-6.963e-005], 
[9.828e-005,-5.839e-005], 
[1.004e-005,6.723e-005], 
[-6.726e-005,-8.021e-005], 
[-2.22e-006,-3.622e-005], 
[-1.595e-005,-6.893e-005], 
[2.06e-006,-8.35e-005], 
[-6.24e-006,5.14e-005], 
[-7.511e-005,6.35e-006], 
[-1.859e-005,-9.69e-006], 
[-9.26e-006,-7.573e-005], 
[-2.089e-005,-7.412e-005], 

----------------------------------------------------------------n = 14
de castelijau:
t = 0.987
[7.985e-005,-8.757e-005], 
[-1.21e-005,8.612e-005], 
[1.455e-005,-6.706e-005], 
[-5.443e-005,-6e-007], 
[9.854e-005,1.46e-006], 
[2.407e-005,-7.105e-005], 
[5.311e-005,-9.188e-005], 
[9.484e-005,-4.653e-005], 
[-6.485e-005,2.254e-005], 
[-9.297e-005,-6.085e-005], 
[-7.785e-005,-3.21e-006], 
[-6.819e-005,-8.851e-005], 
[3.569e-005,-9.198e-005], 
[5.442e-005,-6.517e-005], 

bezier:
t = 0.987
[7.985e-005,-8.757e-005], 
[-1.21e-005,8.612e-005], 
[1.455e-005,-6.706e-005], 
[-5.443e-005,-6e-007], 
[9.854e-005,1.46e-006], 
[2.407e-005,-7.105e-005], 
[5.311e-005,-9.188e-005], 
[9.484e-005,-4.653e-005], 
[-6.485e-005,2.254e-005], 
[-9.297e-005,-6.085e-005], 
[-7.785e-005,-3.21e-006], 
[-6.819e-005,-8.851e-005], 
[3.569e-005,-9.198e-005], 
[5.442e-005,-6.517e-005], 

----------------------------------------------------------------n = 15
de castelijau:
t = 0.995
[-8.108e-005,-2.087e-005], 
[-8.79e-006,-2.113e-005], 
[-5.525e-005,-7.524e-005], 
[4.188e-005,-4.263e-005], 
[2.553e-005,4.442e-005], 
[-4.386e-005,-8.685e-005], 
[5.45e-006,-2.78e-005], 
[-7.903e-005,-6.548e-005], 
[-7.916e-005,-4.723e-005], 
[-3.531e-005,2.201e-005], 
[-3.19e-006,-3.932e-005], 
[-9.407e-005,-7.519e-005], 
[-7.862e-005,-2.617e-005], 
[6.558e-005,3.57e-006], 
[-2.312e-005,-9.005e-005], 

bezier:
t = 0.995
[-8.108e-005,-2.087e-005], 
[-8.79e-006,-2.113e-005], 
[-5.525e-005,-7.524e-005], 
[4.188e-005,-4.263e-005], 
[2.553e-005,4.442e-005], 
[-4.386e-005,-8.685e-005], 
[5.45e-006,-2.78e-005], 
[-7.903e-005,-6.548e-005], 
[-7.916e-005,-4.723e-005], 
[-3.531e-005,2.201e-005], 
[-3.19e-006,-3.932e-005], 
[-9.407e-005,-7.519e-005], 
[-7.862e-005,-2.617e-005], 
[6.558e-005,3.57e-006], 
[-2.312e-005,-9.005e-005], 

----------------------------------------------------------------n = 16
de castelijau:
t = 1
[-6.418e-005,-8.642e-005], 
[-9.813e-005,-6.956e-005], 
[-5.89e-005,8.165e-005], 
[4.915e-005,-1.55e-005], 
[-2.553e-005,-9.31e-005], 
[7.391e-005,4.24e-006], 
[7.614e-005,-8.611e-005], 
[-3.288e-005,-3.655e-005], 
[-2.59e-006,-1.33e-006], 
[-1.134e-005,-5.298e-005], 
[-6.106e-005,9.329e-005], 
[4.016e-005,-3.298e-005], 
[6.044e-005,-2.443e-005], 
[6.63e-005,-2.3e-007], 
[-5.13e-005,7.612e-005], 
[-2.541e-005,-2.618e-005], 

bezier:
t = 1
[-6.418e-005,-8.642e-005], 
[-9.813e-005,-6.956e-005], 
[-5.89e-005,8.165e-005], 
[4.915e-005,-1.55e-005], 
[-2.553e-005,-9.31e-005], 
[7.391e-005,4.24e-006], 
[7.614e-005,-8.611e-005], 
[-3.288e-005,-3.655e-005], 
[-2.59e-006,-1.33e-006], 
[-1.134e-005,-5.298e-005], 
[-6.106e-005,9.329e-005], 
[4.016e-005,-3.298e-005], 
[6.044e-005,-2.443e-005], 
[6.63e-005,-2.3e-007], 
[-5.13e-005,7.612e-005], 
[-2.541e-005,-2.618e-005], 

----------------------------------------------------------------n = 17
de castelijau:
t = 0.977
[-2.284e-005,-9.568e-005], 
[9.48e-006,-9.759e-005], 
[2.519e-005,-4.723e-005], 
[1.661e-005,4.195e-005], 
[9.26e-006,6.381e-005], 
[-6.065e-005,-2.214e-005], 
[1.8e-006,1.535e-005], 
[1.376e-005,-3.724e-005], 
[-6.919e-005,6.19e-006], 
[-6.462e-005,9.161e-005], 
[-1.6e-006,1.08e-006], 
[-4.992e-005,7.253e-005], 
[-5.888e-005,-2.867e-005], 
[-5.664e-005,-1.535e-005], 
[8.678e-005,-8.334e-005], 
[-9.906e-005,-9.011e-005], 
[9.583e-005,-9.063e-005], 

bezier:
t = 0.977
[-2.284e-005,-9.568e-005], 
[9.48e-006,-9.759e-005], 
[2.519e-005,-4.723e-005], 
[1.661e-005,4.195e-005], 
[9.26e-006,6.381e-005], 
[-6.065e-005,-2.214e-005], 
[1.8e-006,1.535e-005], 
[1.376e-005,-3.724e-005], 
[-6.919e-005,6.19e-006], 
[-6.462e-005,9.161e-005], 
[-1.6e-006,1.08e-006], 
[-4.992e-005,7.253e-005], 
[-5.888e-005,-2.867e-005], 
[-5.664e-005,-1.535e-005], 
[8.678e-005,-8.334e-005], 
[-9.906e-005,-9.011e-005], 
[9.583e-005,-9.063e-005], 

----------------------------------------------------------------n = 18
de castelijau:
t = 0.996
[-5.98e-005,-3.656e-005], 
[-7.727e-005,-4.906e-005], 
[4.93e-006,-2.24e-005], 
[-2.775e-005,-3.759e-005], 
[-4.324e-005,-7.39e-005], 
[1.1e-006,-2.33e-005], 
[-2.424e-005,-7.759e-005], 
[-6.021e-005,-9.758e-005], 
[-9.848e-005,4.1e-007], 
[-1.601e-005,-9.909e-005], 
[9.22e-005,-8.559e-005], 
[6.75e-005,-4.275e-005], 
[-5.815e-005,-9.116e-005], 
[4.7e-007,3.402e-005], 
[-8.676e-005,-5.392e-005], 
[3.753e-005,-8.555e-005], 
[-8.12e-006,-1.063e-005], 
[9.757e-005,4.358e-005], 

bezier:
t = 0.996
[-5.98e-005,-3.656e-005], 
[-7.727e-005,-4.906e-005], 
[4.93e-006,-2.24e-005], 
[-2.775e-005,-3.759e-005], 
[-4.324e-005,-7.39e-005], 
[1.1e-006,-2.33e-005], 
[-2.424e-005,-7.759e-005], 
[-6.021e-005,-9.758e-005], 
[-9.848e-005,4.1e-007], 
[-1.601e-005,-9.909e-005], 
[9.22e-005,-8.559e-005], 
[6.75e-005,-4.275e-005], 
[-5.815e-005,-9.116e-005], 
[4.7e-007,3.402e-005], 
[-8.676e-005,-5.392e-005], 
[3.753e-005,-8.555e-005], 
[-8.12e-006,-1.063e-005], 
[9.757e-005,4.358e-005], 

----------------------------------------------------------------n = 19
de castelijau:
t = 0.993
[-2.65e-005,-7.901e-005], 
[7.124e-005,-3.434e-005], 
[-8.265e-005,7.73e-006], 
[-8.702e-005,-4.885e-005], 
[4.671e-005,2.281e-005], 
[-9.371e-005,9.69e-006], 
[-7.224e-005,7.254e-005], 
[-4.638e-005,1.428e-005], 
[7.88e-005,-7.58e-005], 
[2.291e-005,-6.966e-005], 
[-1.47e-005,-1.329e-005], 
[4.25e-005,-1.766e-005], 
[-4.404e-005,-2.284e-005], 
[-6.83e-006,-4.714e-005], 
[-3.151e-005,3.505e-005], 
[-5.71e-005,-1.5e-005], 
[1.19e-006,6.416e-005], 
[5.348e-005,-2.819e-005], 
[-8.572e-005,-2.136e-005], 

bezier:
t = 0.993
[-2.65e-005,-7.901e-005], 
[7.124e-005,-3.434e-005], 
[-8.265e-005,7.73e-006], 
[-8.702e-005,-4.885e-005], 
[4.671e-005,2.281e-005], 
[-9.371e-005,9.69e-006], 
[-7.224e-005,7.254e-005], 
[-4.638e-005,1.428e-005], 
[7.88e-005,-7.58e-005], 
[2.291e-005,-6.966e-005], 
[-1.47e-005,-1.329e-005], 
[4.25e-005,-1.766e-005], 
[-4.404e-005,-2.284e-005], 
[-6.83e-006,-4.714e-005], 
[-3.151e-005,3.505e-005], 
[-5.71e-005,-1.5e-005], 
[1.19e-006,6.416e-005], 
[5.348e-005,-2.819e-005], 
[-8.572e-005,-2.136e-005], 

----------------------------------------------------------------n = 20
de castelijau:
t = 0.995
[-9.388e-005,-9.853e-005], 
[-7.882e-005,-9.741e-005], 
[2.724e-005,2.638e-005], 
[-8.684e-005,-8.448e-005], 
[-6.62e-006,-5.9e-006], 
[-4.846e-005,5.785e-005], 
[-9.913e-005,-8.626e-005], 
[-2.349e-005,-9.977e-005], 
[2.345e-005,9.821e-005], 
[-8.252e-005,5.28e-006], 
[-4.937e-005,-3.364e-005], 
[-5.527e-005,4.769e-005], 
[9.972e-005,5.045e-005], 
[7.731e-005,-7.51e-005], 
[9.954e-005,-8.464e-005], 
[-8.15e-006,9.519e-005], 
[-5.308e-005,2.386e-005], 
[1.043e-005,-3.427e-005], 
[-6.777e-005,3.94e-005], 
[9.9e-007,-1.99e-006], 

bezier:
t = 0.995
[-9.388e-005,-9.853e-005], 
[-7.882e-005,-9.741e-005], 
[2.724e-005,2.638e-005], 
[-8.684e-005,-8.448e-005], 
[-6.62e-006,-5.9e-006], 
[-4.846e-005,5.785e-005], 
[-9.913e-005,-8.626e-005], 
[-2.349e-005,-9.977e-005], 
[2.345e-005,9.821e-005], 
[-8.252e-005,5.28e-006], 
[-4.937e-005,-3.364e-005], 
[-5.527e-005,4.769e-005], 
[9.972e-005,5.045e-005], 
[7.731e-005,-7.51e-005], 
[9.954e-005,-8.464e-005], 
[-8.15e-006,9.519e-005], 
[-5.308e-005,2.386e-005], 
[1.043e-005,-3.427e-005], 
[-6.777e-005,3.94e-005], 
[9.9e-007,-1.99e-006], 

----------------------------------------------------------------