n = 1
de castelijau:
t = 0.894
[9.663,-2.094], 

bezier:
t = 0.894
[9.663,-2.094], 

----------------------------------------------------------------n = 2
de castelijau:
t = 0.952
[-3.908,-5.794], 
[-5.874,-7.062], 

bezier:
t = 0.173
[9.054,-6.882], 
[2.756,-9.137], 

----------------------------------------------------------------n = 3
de castelijau:
t = 0.993
[5.121,-7.756], 
[9.298,-7.384], 
[-2.56,-2.611], 

bezier:
t = 0.969
[-7.915,-3.731], 
[-7.515,-1.704], 
[0.088,-8.868], 

----------------------------------------------------------------n = 4
de castelijau:
t = 0.992
[0.356,-7.566], 
[0.043,-8.409], 
[-9.644,-5.346], 
[0.693,-5.09], 

bezier:
t = 0.899
[-9.307,-5.284], 
[-9.695,-5.146], 
[-2.622,-8.427], 
[0.737,6.212], 

----------------------------------------------------------------n = 5
de castelijau:
t = 0.975
[6.787,-3.635], 
[7.002,-8.282], 
[8.795,-3.043], 
[5.927,-3.249], 
[9.33,-3.644], 

bezier:
t = 0.975
[6.787,-3.635], 
[7.002,-8.282], 
[8.795,-3.043], 
[5.927,-3.249], 
[9.33,-3.644], 

----------------------------------------------------------------n = 6
de castelijau:
t = 0.941
[-8.458,-5.018], 
[-9.34,-4.366], 
[-9.378,1.728], 
[1.749,4.473], 
[7.004,7.777], 
[2.132,-3.297], 

bezier:
t = 0.941
[-8.458,-5.018], 
[-9.34,-4.366], 
[-9.378,1.728], 
[1.749,4.473], 
[7.004,7.777], 
[2.132,-3.297], 

----------------------------------------------------------------n = 7
de castelijau:
t = 0.987
[5.864,-9.406], 
[-3.744,-8.474], 
[-4.601,4.101], 
[-5.743,-7.089], 
[2.88,2.303], 
[3.384,-1.412], 
[-4.402,-7.608], 

bezier:
t = 0.987
[5.864,-9.406], 
[-3.744,-8.474], 
[-4.601,4.101], 
[-5.743,-7.089], 
[2.88,2.303], 
[3.384,-1.412], 
[-4.402,-7.608], 

----------------------------------------------------------------n = 8
de castelijau:
t = 0.977
[-8.16,8.173], 
[-9.141,9.408], 
[-0.601,6.991], 
[-0.627,2.332], 
[-2.949,-9.421], 
[-7.421,0.182], 
[3.77,-9.294], 
[2.096,7.988], 

bezier:
t = 0.977
[-8.16,8.173], 
[-9.141,9.408], 
[-0.601,6.991], 
[-0.627,2.332], 
[-2.949,-9.421], 
[-7.421,0.182], 
[3.77,-9.294], 
[2.096,7.988], 

----------------------------------------------------------------n = 9
de castelijau:
t = 0.991
[-9.275,-5.559], 
[-6.082,6.157], 
[6.177,0.958], 
[-8.788,-9.858], 
[-1.511,2.825], 
[-3.952,8.869], 
[8.536,-4.195], 
[-1.024,-4.315], 
[9.14,6.406], 

bezier:
t = 0.991
[-9.275,-5.559], 
[-6.082,6.157], 
[6.177,0.958], 
[-8.788,-9.858], 
[-1.511,2.825], 
[-3.952,8.869], 
[8.536,-4.195], 
[-1.024,-4.315], 
[9.14,6.406], 

----------------------------------------------------------------n = 10
de castelijau:
t = 0.962
[-9.158,-9.801], 
[-5.539,-5.876], 
[0.933,-5.681], 
[-2.39,-4.703], 
[-8.839,1.317], 
[2.101,-7.269], 
[-1.484,-1.521], 
[-6.328,-3.988], 
[-4.676,-0.598], 
[-0.422,8.386], 

bezier:
t = 0.962
[-9.158,-9.801], 
[-5.539,-5.876], 
[0.933,-5.681], 
[-2.39,-4.703], 
[-8.839,1.317], 
[2.101,-7.269], 
[-1.484,-1.521], 
[-6.328,-3.988], 
[-4.676,-0.598], 
[-0.422,8.386], 

----------------------------------------------------------------n = 11
de castelijau:
t = 0.974
[-7.514,2.287], 
[-6.16,9.603], 
[-8.163,-9.85], 
[-6.346,-7.785], 
[-7.954,0.166], 
[-9.281,-8.063], 
[0.428,-5.533], 
[2.786,7.495], 
[-3.862,-8.078], 
[0.624,-0.856], 
[1.761,-4.225], 

bezier:
t = 0.974
[-7.514,2.287], 
[-6.16,9.603], 
[-8.163,-9.85], 
[-6.346,-7.785], 
[-7.954,0.166], 
[-9.281,-8.063], 
[0.428,-5.533], 
[2.786,7.495], 
[-3.862,-8.078], 
[0.624,-0.856], 
[1.761,-4.225], 

----------------------------------------------------------------n = 12
de castelijau:
t = 0.972
[-6.048,-1.724], 
[-5.686,7.635], 
[-7.334,2.158], 
[-5.788,4.881], 
[-5.008,-6.349], 
[1.04,-3.749], 
[6.926,3.856], 
[2.987,-1.53], 
[1.853,2.568], 
[-9.647,-7.161], 
[2.873,-4.993], 
[2.027,-1.154], 

bezier:
t = 0.972
[-6.048,-1.724], 
[-5.686,7.635], 
[-7.334,2.158], 
[-5.788,4.881], 
[-5.008,-6.349], 
[1.04,-3.749], 
[6.926,3.856], 
[2.987,-1.53], 
[1.853,2.568], 
[-9.647,-7.161], 
[2.873,-4.993], 
[2.027,-1.154], 

----------------------------------------------------------------n = 13
de castelijau:
t = 0.967
[9.873,-9.513], 
[3.246,3.262], 
[1.833,-3.196], 
[-1.712,-8.158], 
[1.936,-3.669], 
[-2.554,-3.359], 
[-9.576,-7.322], 
[-5.037,3.319], 
[1.946,5.537], 
[-6.586,-2.706], 
[-7.071,-7.137], 
[-9.819,-9.245], 
[-5.971,0.831], 

bezier:
t = 0.967
[9.873,-9.513], 
[3.246,3.262], 
[1.833,-3.196], 
[-1.712,-8.158], 
[1.936,-3.669], 
[-2.554,-3.359], 
[-9.576,-7.322], 
[-5.037,3.319], 
[1.946,5.537], 
[-6.586,-2.706], 
[-7.071,-7.137], 
[-9.819,-9.245], 
[-5.971,0.831], 

----------------------------------------------------------------n = 14
de castelijau:
t = 0.982
[9.121,-7.263], 
[-8.925,-9.352], 
[7.008,-6.16], 
[-6.959,0.227], 
[1.797,-8.816], 
[-2.68,-9.703], 
[-1.59,-5.347], 
[2.212,-7.043], 
[-6.177,-1.153], 
[-0.094,-5.47], 
[-6.632,5.702], 
[2.073,-4.559], 
[4.579,-0.393], 
[-7.346,-8.109], 

bezier:
t = 0.982
[9.121,-7.263], 
[-8.925,-9.352], 
[7.008,-6.16], 
[-6.959,0.227], 
[1.797,-8.816], 
[-2.68,-9.703], 
[-1.59,-5.347], 
[2.212,-7.043], 
[-6.177,-1.153], 
[-0.094,-5.47], 
[-6.632,5.702], 
[2.073,-4.559], 
[4.579,-0.393], 
[-7.346,-8.109], 

----------------------------------------------------------------n = 15
de castelijau:
t = 0.995
[-8.108,-2.087], 
[-0.879,-2.113], 
[-5.525,-7.524], 
[4.188,-4.263], 
[2.553,4.442], 
[-4.386,-8.685], 
[0.545,-2.78], 
[-7.903,-6.548], 
[-7.916,-4.723], 
[-3.531,2.201], 
[-0.319,-3.932], 
[-9.407,-7.519], 
[-7.862,-2.617], 
[6.558,0.357], 
[-2.312,-9.005], 

bezier:
t = 0.995
[-8.108,-2.087], 
[-0.879,-2.113], 
[-5.525,-7.524], 
[4.188,-4.263], 
[2.553,4.442], 
[-4.386,-8.685], 
[0.545,-2.78], 
[-7.903,-6.548], 
[-7.916,-4.723], 
[-3.531,2.201], 
[-0.319,-3.932], 
[-9.407,-7.519], 
[-7.862,-2.617], 
[6.558,0.357], 
[-2.312,-9.005], 

----------------------------------------------------------------n = 16
de castelijau:
t = 1
[-6.418,-8.642], 
[-9.813,-6.956], 
[-5.89,8.165], 
[4.915,-1.55], 
[-2.553,-9.31], 
[7.391,0.424], 
[7.614,-8.611], 
[-3.288,-3.655], 
[-0.259,-0.133], 
[-1.134,-5.298], 
[-6.106,9.329], 
[4.016,-3.298], 
[6.044,-2.443], 
[6.63,-0.023], 
[-5.13,7.612], 
[-2.541,-2.618], 

bezier:
t = 1
[-6.418,-8.642], 
[-9.813,-6.956], 
[-5.89,8.165], 
[4.915,-1.55], 
[-2.553,-9.31], 
[7.391,0.424], 
[7.614,-8.611], 
[-3.288,-3.655], 
[-0.259,-0.133], 
[-1.134,-5.298], 
[-6.106,9.329], 
[4.016,-3.298], 
[6.044,-2.443], 
[6.63,-0.023], 
[-5.13,7.612], 
[-2.541,-2.618], 

----------------------------------------------------------------n = 17
de castelijau:
t = 0.97
[-9.845,3.216], 
[1.087,-4.982], 
[0.228,-1.294], 
[2.605,-1.62], 
[4.364,8.451], 
[6.091,1.173], 
[-4.83,3.782], 
[8.583,9.618], 
[-2.056,-5.402], 
[0.687,7.371], 
[0.608,-1.044], 
[-0.013,4.92], 
[9.415,0.915], 
[6.929,-7.786], 
[-4.64,8.994], 
[-1.135,0.604], 
[1.185,-6.672], 

bezier:
t = 0.97
[-9.845,3.216], 
[1.087,-4.982], 
[0.228,-1.294], 
[2.605,-1.62], 
[4.364,8.451], 
[6.091,1.173], 
[-4.83,3.782], 
[8.583,9.618], 
[-2.056,-5.402], 
[0.687,7.371], 
[0.608,-1.044], 
[-0.013,4.92], 
[9.415,0.915], 
[6.929,-7.786], 
[-4.64,8.994], 
[-1.135,0.604], 
[1.185,-6.672], 

----------------------------------------------------------------n = 18
de castelijau:
t = 0.986
[-6.85,-4.593], 
[-9.279,8.037], 
[-0.323,-7.559], 
[-0.185,-9.083], 
[1.958,-7.11], 
[4.52,-9.808], 
[0.376,-2.043], 
[1.182,-4.505], 
[-8.06,-8.546], 
[-4.657,-8.627], 
[-2.424,-3.091], 
[7.948,4.896], 
[-6.176,-3.656], 
[-8.621,-7.736], 
[-2.689,-3.28], 
[9.346,1.583], 
[-8.167,-2.546], 
[-5.629,6.132], 

bezier:
t = 0.986
[-6.85,-4.593], 
[-9.279,8.037], 
[-0.323,-7.559], 
[-0.185,-9.083], 
[1.958,-7.11], 
[4.52,-9.808], 
[0.376,-2.043], 
[1.182,-4.505], 
[-8.06,-8.546], 
[-4.657,-8.627], 
[-2.424,-3.091], 
[7.948,4.896], 
[-6.176,-3.656], 
[-8.621,-7.736], 
[-2.689,-3.28], 
[9.346,1.583], 
[-8.167,-2.546], 
[-5.629,6.132], 

----------------------------------------------------------------n = 19
de castelijau:
t = 0.987
[-8.951,-1.009], 
[-6.49,-7.076], 
[-2.925,8.822], 
[2.789,4.67], 
[-6.315,-4.485], 
[-7.694,-6.333], 
[-1.577,-7.047], 
[7.882,7.503], 
[-2.972,-6.433], 
[-9.271,-0.017], 
[-7.904,0.694], 
[0.652,-1.787], 
[6.391,-0.447], 
[3.806,-5.752], 
[2.619,1.375], 
[-0.698,6.179], 
[-2.547,-5.001], 
[2.119,-1.596], 
[3.966,-7.595], 

bezier:
t = 0.987
[-8.951,-1.009], 
[-6.49,-7.076], 
[-2.925,8.822], 
[2.789,4.67], 
[-6.315,-4.485], 
[-7.694,-6.333], 
[-1.577,-7.047], 
[7.882,7.503], 
[-2.972,-6.433], 
[-9.271,-0.017], 
[-7.904,0.694], 
[0.652,-1.787], 
[6.391,-0.447], 
[3.806,-5.752], 
[2.619,1.375], 
[-0.698,6.179], 
[-2.547,-5.001], 
[2.119,-1.596], 
[3.966,-7.595], 

----------------------------------------------------------------n = 20
de castelijau:
t = 0.961
[1.095,-9.702], 
[1.419,-3.919], 
[5.787,8.467], 
[-6.14,-9.296], 
[-2.496,6.315], 
[-8.187,-7.881], 
[-0.594,6.256], 
[-1.873,0.459], 
[1.872,-1.367], 
[-8.452,5.657], 
[9.969,-5.489], 
[-6.891,-0.787], 
[-9.674,-7.494], 
[-5.409,-6.712], 
[8.812,-4.134], 
[2.686,5.976], 
[-5.244,2.983], 
[-8.685,0.735], 
[-7.076,9.243], 
[-5.112,-7.117], 

bezier:
t = 0.961
[1.095,-9.702], 
[1.419,-3.919], 
[5.787,8.467], 
[-6.14,-9.296], 
[-2.496,6.315], 
[-8.187,-7.881], 
[-0.594,6.256], 
[-1.873,0.459], 
[1.872,-1.367], 
[-8.452,5.657], 
[9.969,-5.489], 
[-6.891,-0.787], 
[-9.674,-7.494], 
[-5.409,-6.712], 
[8.812,-4.134], 
[2.686,5.976], 
[-5.244,2.983], 
[-8.685,0.735], 
[-7.076,9.243], 
[-5.112,-7.117], 

----------------------------------------------------------------