n = 1
de castelijau:
t = 0.977
[-7.04e-007,8.976e-006], 

bezier:
t = 0.977
[-7.04e-007,8.976e-006], 

----------------------------------------------------------------n = 2
de castelijau:
t = 0.993
[9.598e-006,-6.948e-006], 
[6.594e-006,9.626e-006], 

bezier:
t = 0.957
[-6.389e-006,-5.368e-006], 
[-9.085e-006,-3.949e-006], 

----------------------------------------------------------------n = 3
de castelijau:
t = 0.973
[-9.739e-006,-2.583e-006], 
[-8.787e-006,-8.397e-006], 
[-1.673e-006,-6.695e-006], 

bezier:
t = 0.854
[-7.266e-006,-8.409e-006], 
[-5.722e-006,-7.159e-006], 
[-6.316e-006,1.068e-006], 

----------------------------------------------------------------n = 4
de castelijau:
t = 0.992
[3.56e-007,-7.566e-006], 
[4.3e-008,-8.409e-006], 
[-9.644e-006,-5.346e-006], 
[6.93e-007,-5.09e-006], 

bezier:
t = 0.913
[-9.779e-006,-6.675e-006], 
[-2.581e-006,-9.55e-007], 
[-9.722e-006,-7.19e-006], 
[2.179e-006,4.69e-007], 

----------------------------------------------------------------n = 5
de castelijau:
t = 0.984
[3.656e-006,-8.377e-006], 
[-9.998e-006,-2.272e-006], 
[-1.256e-006,-8.229e-006], 
[-5.12e-006,-3.105e-006], 
[1.185e-006,8.718e-006], 

bezier:
t = 0.984
[3.656e-006,-8.377e-006], 
[-9.998e-006,-2.272e-006], 
[-1.256e-006,-8.229e-006], 
[-5.12e-006,-3.105e-006], 
[1.185e-006,8.718e-006], 

----------------------------------------------------------------n = 6
de castelijau:
t = 0.991
[8.439e-006,-2.548e-006], 
[1.964e-006,-3.244e-006], 
[5.885e-006,7.416e-006], 
[-1.806e-006,-9.809e-006], 
[-4.387e-006,2.715e-006], 
[7.839e-006,-3.866e-006], 

bezier:
t = 0.991
[8.439e-006,-2.548e-006], 
[1.964e-006,-3.244e-006], 
[5.885e-006,7.416e-006], 
[-1.806e-006,-9.809e-006], 
[-4.387e-006,2.715e-006], 
[7.839e-006,-3.866e-006], 

----------------------------------------------------------------n = 7
de castelijau:
t = 0.987
[5.864e-006,-9.406e-006], 
[-3.744e-006,-8.474e-006], 
[-4.601e-006,4.101e-006], 
[-5.743e-006,-7.089e-006], 
[2.88e-006,2.303e-006], 
[3.384e-006,-1.412e-006], 
[-4.402e-006,-7.608e-006], 

bezier:
t = 0.987
[5.864e-006,-9.406e-006], 
[-3.744e-006,-8.474e-006], 
[-4.601e-006,4.101e-006], 
[-5.743e-006,-7.089e-006], 
[2.88e-006,2.303e-006], 
[3.384e-006,-1.412e-006], 
[-4.402e-006,-7.608e-006], 

----------------------------------------------------------------n = 8
de castelijau:
t = 0.98
[-8.975e-006,-4.69e-006], 
[-4.071e-006,5.433e-006], 
[4.59e-007,6.28e-007], 
[-8.497e-006,-9.623e-006], 
[-3.445e-006,4.738e-006], 
[7.666e-006,3.156e-006], 
[2.281e-006,7.557e-006], 
[-8.782e-006,3.07e-006], 

bezier:
t = 0.98
[-8.975e-006,-4.69e-006], 
[-4.071e-006,5.433e-006], 
[4.59e-007,6.28e-007], 
[-8.497e-006,-9.623e-006], 
[-3.445e-006,4.738e-006], 
[7.666e-006,3.156e-006], 
[2.281e-006,7.557e-006], 
[-8.782e-006,3.07e-006], 

----------------------------------------------------------------n = 9
de castelijau:
t = 0.893
[-9.646e-006,4.03e-007], 
[-9.416e-006,-4.581e-006], 
[-1.34e-006,2.562e-006], 
[-1.001e-006,1.846e-006], 
[-3.791e-006,3.907e-006], 
[-5.997e-006,-8.892e-006], 
[-5.637e-006,3.619e-006], 
[-7.053e-006,-7.323e-006], 
[3.768e-006,-3.94e-007], 

bezier:
t = 0.893
[-9.646e-006,4.03e-007], 
[-9.416e-006,-4.581e-006], 
[-1.34e-006,2.562e-006], 
[-1.001e-006,1.846e-006], 
[-3.791e-006,3.907e-006], 
[-5.997e-006,-8.892e-006], 
[-5.637e-006,3.619e-006], 
[-7.053e-006,-7.323e-006], 
[3.768e-006,-3.94e-007], 

----------------------------------------------------------------n = 10
de castelijau:
t = 0.995
[9.857e-006,-7.257e-006], 
[-2.144e-006,-8.708e-006], 
[-2.449e-006,-7.471e-006], 
[6.45e-007,9.317e-006], 
[-4.816e-006,-3.845e-006], 
[1.62e-007,-7.999e-006], 
[-2.767e-006,-2.581e-006], 
[-7.092e-006,1.899e-006], 
[8.601e-006,-9.05e-006], 
[3.67e-007,-2.195e-006], 

bezier:
t = 0.995
[9.857e-006,-7.257e-006], 
[-2.144e-006,-8.708e-006], 
[-2.449e-006,-7.471e-006], 
[6.45e-007,9.317e-006], 
[-4.816e-006,-3.845e-006], 
[1.62e-007,-7.999e-006], 
[-2.767e-006,-2.581e-006], 
[-7.092e-006,1.899e-006], 
[8.601e-006,-9.05e-006], 
[3.67e-007,-2.195e-006], 

----------------------------------------------------------------n = 11
de castelijau:
t = 0.974
[-7.514e-006,2.287e-006], 
[-6.16e-006,9.603e-006], 
[-8.163e-006,-9.85e-006], 
[-6.346e-006,-7.785e-006], 
[-7.954e-006,1.66e-007], 
[-9.281e-006,-8.063e-006], 
[4.28e-007,-5.533e-006], 
[2.786e-006,7.495e-006], 
[-3.862e-006,-8.078e-006], 
[6.24e-007,-8.56e-007], 
[1.761e-006,-4.225e-006], 

bezier:
t = 0.974
[-7.514e-006,2.287e-006], 
[-6.16e-006,9.603e-006], 
[-8.163e-006,-9.85e-006], 
[-6.346e-006,-7.785e-006], 
[-7.954e-006,1.66e-007], 
[-9.281e-006,-8.063e-006], 
[4.28e-007,-5.533e-006], 
[2.786e-006,7.495e-006], 
[-3.862e-006,-8.078e-006], 
[6.24e-007,-8.56e-007], 
[1.761e-006,-4.225e-006], 

----------------------------------------------------------------n = 12
de castelijau:
t = 0.966
[-9.455e-006,5.46e-007], 
[4.11e-007,5.8e-008], 
[-4.174e-006,1.793e-006], 
[6.136e-006,2.108e-006], 
[1.477e-006,-1.129e-006], 
[4.932e-006,1.827e-006], 
[5.195e-006,-6.827e-006], 
[-7.642e-006,7.148e-006], 
[8.064e-006,-6.58e-007], 
[-6.418e-006,-5.768e-006], 
[6.821e-006,-4.459e-006], 
[4.95e-006,-4.209e-006], 

bezier:
t = 0.966
[-9.455e-006,5.46e-007], 
[4.11e-007,5.8e-008], 
[-4.174e-006,1.793e-006], 
[6.136e-006,2.108e-006], 
[1.477e-006,-1.129e-006], 
[4.932e-006,1.827e-006], 
[5.195e-006,-6.827e-006], 
[-7.642e-006,7.148e-006], 
[8.064e-006,-6.58e-007], 
[-6.418e-006,-5.768e-006], 
[6.821e-006,-4.459e-006], 
[4.95e-006,-4.209e-006], 

----------------------------------------------------------------n = 13
de castelijau:
t = 0.996
[-9.541e-006,4.609e-006], 
[-1.35e-006,-9.079e-006], 
[2.526e-006,1.894e-006], 
[1.439e-006,-7.959e-006], 
[-8.287e-006,-2.101e-006], 
[7.564e-006,8.194e-006], 
[-3.071e-006,4.392e-006], 
[-8.201e-006,-1.356e-006], 
[9.806e-006,-4.605e-006], 
[2.53e-006,-9.935e-006], 
[-8.775e-006,-6.573e-006], 
[3.23e-007,-9.338e-006], 
[-3.983e-006,-9.64e-006], 

bezier:
t = 0.996
[-9.541e-006,4.609e-006], 
[-1.35e-006,-9.079e-006], 
[2.526e-006,1.894e-006], 
[1.439e-006,-7.959e-006], 
[-8.287e-006,-2.101e-006], 
[7.564e-006,8.194e-006], 
[-3.071e-006,4.392e-006], 
[-8.201e-006,-1.356e-006], 
[9.806e-006,-4.605e-006], 
[2.53e-006,-9.935e-006], 
[-8.775e-006,-6.573e-006], 
[3.23e-007,-9.338e-006], 
[-3.983e-006,-9.64e-006], 

----------------------------------------------------------------n = 14
de castelijau:
t = 0.951
[-8.255e-006,5.706e-006], 
[-6.9e-006,9.288e-006], 
[-9.794e-006,-3.925e-006], 
[8.836e-006,5.411e-006], 
[8.351e-006,-8.69e-006], 
[-9.687e-006,7.022e-006], 
[3.9e-008,-4.514e-006], 
[6.431e-006,6.839e-006], 
[-9.19e-006,-4.419e-006], 
[-1.989e-006,1.57e-006], 
[3.835e-006,1.974e-006], 
[8.931e-006,-2.673e-006], 
[-2.858e-006,-6.164e-006], 
[2.11e-006,1.696e-006], 

bezier:
t = 0.951
[-8.255e-006,5.706e-006], 
[-6.9e-006,9.288e-006], 
[-9.794e-006,-3.925e-006], 
[8.836e-006,5.411e-006], 
[8.351e-006,-8.69e-006], 
[-9.687e-006,7.022e-006], 
[3.9e-008,-4.514e-006], 
[6.431e-006,6.839e-006], 
[-9.19e-006,-4.419e-006], 
[-1.989e-006,1.57e-006], 
[3.835e-006,1.974e-006], 
[8.931e-006,-2.673e-006], 
[-2.858e-006,-6.164e-006], 
[2.11e-006,1.696e-006], 

----------------------------------------------------------------n = 15
de castelijau:
t = 0.966
[-5.162e-006,-8.173e-006], 
[2.652e-006,8.84e-007], 
[-1.187e-006,2.488e-006], 
[-4.594e-006,-1.13e-007], 
[-1.862e-006,1.753e-006], 
[-5.596e-006,-1.956e-006], 
[3.52e-007,-6.453e-006], 
[-4.306e-006,-3.709e-006], 
[5.824e-006,9.573e-006], 
[-6.377e-006,-8.888e-006], 
[3.332e-006,-4.612e-006], 
[4.553e-006,3.021e-006], 
[2.18e-007,-4.684e-006], 
[-7.154e-006,-5.617e-006], 
[3.632e-006,-9.097e-006], 

bezier:
t = 0.966
[-5.162e-006,-8.173e-006], 
[2.652e-006,8.84e-007], 
[-1.187e-006,2.488e-006], 
[-4.594e-006,-1.13e-007], 
[-1.862e-006,1.753e-006], 
[-5.596e-006,-1.956e-006], 
[3.52e-007,-6.453e-006], 
[-4.306e-006,-3.709e-006], 
[5.824e-006,9.573e-006], 
[-6.377e-006,-8.888e-006], 
[3.332e-006,-4.612e-006], 
[4.553e-006,3.021e-006], 
[2.18e-007,-4.684e-006], 
[-7.154e-006,-5.617e-006], 
[3.632e-006,-9.097e-006], 

----------------------------------------------------------------n = 16
de castelijau:
t = 0.988
[7.303e-006,-7.732e-006], 
[6.164e-006,-5.338e-006], 
[-1.913e-006,4.546e-006], 
[-2.545e-006,-5.784e-006], 
[7.467e-006,-3.39e-007], 
[-6.25e-007,2.818e-006], 
[-9.905e-006,2.527e-006], 
[-1.998e-006,-2.137e-006], 
[-5.64e-006,-8.826e-006], 
[3.941e-006,4.82e-007], 
[5.483e-006,8.91e-007], 
[8e-007,-5.801e-006], 
[2.46e-007,-5.214e-006], 
[-7.308e-006,-7.927e-006], 
[-7.56e-006,-6.319e-006], 
[9.541e-006,-2.3e-007], 

bezier:
t = 0.988
[7.303e-006,-7.732e-006], 
[6.164e-006,-5.338e-006], 
[-1.913e-006,4.546e-006], 
[-2.545e-006,-5.784e-006], 
[7.467e-006,-3.39e-007], 
[-6.25e-007,2.818e-006], 
[-9.905e-006,2.527e-006], 
[-1.998e-006,-2.137e-006], 
[-5.64e-006,-8.826e-006], 
[3.941e-006,4.82e-007], 
[5.483e-006,8.91e-007], 
[8e-007,-5.801e-006], 
[2.46e-007,-5.214e-006], 
[-7.308e-006,-7.927e-006], 
[-7.56e-006,-6.319e-006], 
[9.541e-006,-2.3e-007], 

----------------------------------------------------------------n = 17
de castelijau:
t = 0.994
[-8.349e-006,-8.523e-006], 
[1.908e-006,1.798e-006], 
[8.218e-006,-7.58e-007], 
[-8.426e-006,-2.097e-006], 
[-6.502e-006,-8.802e-006], 
[9.521e-006,9.268e-006], 
[4.265e-006,3.773e-006], 
[2.65e-006,-6.329e-006], 
[7.232e-006,-9.089e-006], 
[1.523e-006,-6.923e-006], 
[-5.909e-006,-4.36e-006], 
[2.556e-006,1.547e-006], 
[-9.192e-006,-6.293e-006], 
[-9.461e-006,2.004e-006], 
[8.011e-006,-8.157e-006], 
[-7.36e-006,-2.965e-006], 
[-4.336e-006,-4.733e-006], 

bezier:
t = 0.994
[-8.349e-006,-8.523e-006], 
[1.908e-006,1.798e-006], 
[8.218e-006,-7.58e-007], 
[-8.426e-006,-2.097e-006], 
[-6.502e-006,-8.802e-006], 
[9.521e-006,9.268e-006], 
[4.265e-006,3.773e-006], 
[2.65e-006,-6.329e-006], 
[7.232e-006,-9.089e-006], 
[1.523e-006,-6.923e-006], 
[-5.909e-006,-4.36e-006], 
[2.556e-006,1.547e-006], 
[-9.192e-006,-6.293e-006], 
[-9.461e-006,2.004e-006], 
[8.011e-006,-8.157e-006], 
[-7.36e-006,-2.965e-006], 
[-4.336e-006,-4.733e-006], 

----------------------------------------------------------------n = 18
de castelijau:
t = 0.997
[-2.155e-006,9.155e-006], 
[-7.717e-006,4.149e-006], 
[-1.203e-006,1.896e-006], 
[-5.92e-006,-9.426e-006], 
[5.866e-006,-5.866e-006], 
[-5.494e-006,-7.306e-006], 
[4.424e-006,-3.47e-007], 
[-8.355e-006,-9.074e-006], 
[-1.654e-006,2.717e-006], 
[-4.545e-006,9.83e-007], 
[-3.264e-006,4.124e-006], 
[-1.831e-006,2.916e-006], 
[-4.06e-007,-3.21e-006], 
[-6.4e-008,-6.17e-006], 
[6.553e-006,4.072e-006], 
[-9.067e-006,-3.284e-006], 
[-6.154e-006,5.732e-006], 
[-3.926e-006,6.576e-006], 

bezier:
t = 0.997
[-2.155e-006,9.155e-006], 
[-7.717e-006,4.149e-006], 
[-1.203e-006,1.896e-006], 
[-5.92e-006,-9.426e-006], 
[5.866e-006,-5.866e-006], 
[-5.494e-006,-7.306e-006], 
[4.424e-006,-3.47e-007], 
[-8.355e-006,-9.074e-006], 
[-1.654e-006,2.717e-006], 
[-4.545e-006,9.83e-007], 
[-3.264e-006,4.124e-006], 
[-1.831e-006,2.916e-006], 
[-4.06e-007,-3.21e-006], 
[-6.4e-008,-6.17e-006], 
[6.553e-006,4.072e-006], 
[-9.067e-006,-3.284e-006], 
[-6.154e-006,5.732e-006], 
[-3.926e-006,6.576e-006], 

----------------------------------------------------------------n = 19
de castelijau:
t = 0.988
[-8.918e-006,-5.204e-006], 
[-3.668e-006,-5.647e-006], 
[5.112e-006,2.581e-006], 
[-2.977e-006,-8.079e-006], 
[-9.069e-006,-7.053e-006], 
[-8.182e-006,-5.073e-006], 
[8.314e-006,-2.428e-006], 
[8.659e-006,-2.321e-006], 
[9.099e-006,-1.45e-006], 
[3.535e-006,4.78e-007], 
[-2.022e-006,5.41e-007], 
[-7.169e-006,-4.793e-006], 
[2.377e-006,3.59e-007], 
[2.271e-006,-6.998e-006], 
[1.62e-006,8.427e-006], 
[-3.139e-006,-8.497e-006], 
[-8.18e-006,3.979e-006], 
[-5.721e-006,-9.931e-006], 
[-5.017e-006,-7.2e-007], 

bezier:
t = 0.988
[-8.918e-006,-5.204e-006], 
[-3.668e-006,-5.647e-006], 
[5.112e-006,2.581e-006], 
[-2.977e-006,-8.079e-006], 
[-9.069e-006,-7.053e-006], 
[-8.182e-006,-5.073e-006], 
[8.314e-006,-2.428e-006], 
[8.659e-006,-2.321e-006], 
[9.099e-006,-1.45e-006], 
[3.535e-006,4.78e-007], 
[-2.022e-006,5.41e-007], 
[-7.169e-006,-4.793e-006], 
[2.377e-006,3.59e-007], 
[2.271e-006,-6.998e-006], 
[1.62e-006,8.427e-006], 
[-3.139e-006,-8.497e-006], 
[-8.18e-006,3.979e-006], 
[-5.721e-006,-9.931e-006], 
[-5.017e-006,-7.2e-007], 

----------------------------------------------------------------n = 20
de castelijau:
t = 0.995
[-9.388e-006,-9.853e-006], 
[-7.882e-006,-9.741e-006], 
[2.724e-006,2.638e-006], 
[-8.684e-006,-8.448e-006], 
[-6.62e-007,-5.9e-007], 
[-4.846e-006,5.785e-006], 
[-9.913e-006,-8.626e-006], 
[-2.349e-006,-9.977e-006], 
[2.345e-006,9.821e-006], 
[-8.252e-006,5.28e-007], 
[-4.937e-006,-3.364e-006], 
[-5.527e-006,4.769e-006], 
[9.972e-006,5.045e-006], 
[7.731e-006,-7.51e-006], 
[9.954e-006,-8.464e-006], 
[-8.15e-007,9.519e-006], 
[-5.308e-006,2.386e-006], 
[1.043e-006,-3.427e-006], 
[-6.777e-006,3.94e-006], 
[9.9e-008,-1.99e-007], 

bezier:
t = 0.995
[-9.388e-006,-9.853e-006], 
[-7.882e-006,-9.741e-006], 
[2.724e-006,2.638e-006], 
[-8.684e-006,-8.448e-006], 
[-6.62e-007,-5.9e-007], 
[-4.846e-006,5.785e-006], 
[-9.913e-006,-8.626e-006], 
[-2.349e-006,-9.977e-006], 
[2.345e-006,9.821e-006], 
[-8.252e-006,5.28e-007], 
[-4.937e-006,-3.364e-006], 
[-5.527e-006,4.769e-006], 
[9.972e-006,5.045e-006], 
[7.731e-006,-7.51e-006], 
[9.954e-006,-8.464e-006], 
[-8.15e-007,9.519e-006], 
[-5.308e-006,2.386e-006], 
[1.043e-006,-3.427e-006], 
[-6.777e-006,3.94e-006], 
[9.9e-008,-1.99e-007], 

----------------------------------------------------------------