n = 1
de castelijau:
t = 0.559
[-1319,-7616], 

bezier:
t = 0.559
[-1319,-7616], 

----------------------------------------------------------------n = 2
de castelijau:
t = 0.952
[-3908,-5794], 
[-5874,-7062], 

bezier:
t = 0.412
[-9172,-9250], 
[-19,-701], 

----------------------------------------------------------------n = 3
de castelijau:
t = 0.869
[771,-7807], 
[6720,-8535], 
[-2701,398], 

bezier:
t = 0.869
[771,-7807], 
[6720,-8535], 
[-2701,398], 

----------------------------------------------------------------n = 4
de castelijau:
t = 0.926
[5831,233], 
[7948,2872], 
[7786,7016], 
[1951,-2441], 

bezier:
t = 0.926
[5831,233], 
[7948,2872], 
[7786,7016], 
[1951,-2441], 

----------------------------------------------------------------n = 5
de castelijau:
t = 0.99
[8745,-6127], 
[-856,-4412], 
[8301,-9210], 
[-347,4529], 
[-5657,-6835], 

bezier:
t = 0.99
[8745,-6127], 
[-856,-4412], 
[8301,-9210], 
[-347,4529], 
[-5657,-6835], 

----------------------------------------------------------------n = 6
de castelijau:
t = 0.943
[6901,-4368], 
[6213,-4477], 
[-543,-3409], 
[-4350,7841], 
[-2705,1000], 
[9409,4196], 

bezier:
t = 0.943
[6901,-4368], 
[6213,-4477], 
[-543,-3409], 
[-4350,7841], 
[-2705,1000], 
[9409,4196], 

----------------------------------------------------------------n = 7
de castelijau:
t = 0.999
[-9302,5261], 
[1263,8433], 
[3136,-5680], 
[-6480,5354], 
[-8984,1941], 
[-8124,-5176], 
[9954,-237], 

bezier:
t = 0.999
[-9302,5261], 
[1263,8433], 
[3136,-5680], 
[-6480,5354], 
[-8984,1941], 
[-8124,-5176], 
[9954,-237], 

----------------------------------------------------------------n = 8
de castelijau:
t = 0.977
[-8160,8173], 
[-9141,9408], 
[-601,6991], 
[-627,2332], 
[-2949,-9421], 
[-7421,182], 
[3770,-9294], 
[2096,7988], 

bezier:
t = 0.977
[-8160,8173], 
[-9141,9408], 
[-601,6991], 
[-627,2332], 
[-2949,-9421], 
[-7421,182], 
[3770,-9294], 
[2096,7988], 

----------------------------------------------------------------n = 9
de castelijau:
t = 0.983
[-8642,-3951], 
[-6959,-1802], 
[-7903,5793], 
[2715,-7604], 
[-7993,-3008], 
[-4517,3908], 
[-2158,-3869], 
[-7279,-8527], 
[-6046,-4527], 

bezier:
t = 0.983
[-8642,-3951], 
[-6959,-1802], 
[-7903,5793], 
[2715,-7604], 
[-7993,-3008], 
[-4517,3908], 
[-2158,-3869], 
[-7279,-8527], 
[-6046,-4527], 

----------------------------------------------------------------n = 10
de castelijau:
t = 0.995
[7818,5525], 
[8235,376], 
[-9288,7564], 
[-1857,7370], 
[-1621,6458], 
[-7294,-6363], 
[6715,2183], 
[-7389,-261], 
[5538,-1324], 
[9496,-9593], 

bezier:
t = 0.995
[7818,5525], 
[8235,376], 
[-9288,7564], 
[-1857,7370], 
[-1621,6458], 
[-7294,-6363], 
[6715,2183], 
[-7389,-261], 
[5538,-1324], 
[9496,-9593], 

----------------------------------------------------------------n = 11
de castelijau:
t = 0.994
[-9410,3467], 
[104,849], 
[-384,3742], 
[-3399,-5124], 
[-3325,7309], 
[-8467,-6205], 
[-2413,-2949], 
[2470,-2491], 
[-3496,-7035], 
[1413,-1511], 
[-8797,-6209], 

bezier:
t = 0.994
[-9410,3467], 
[104,849], 
[-384,3742], 
[-3399,-5124], 
[-3325,7309], 
[-8467,-6205], 
[-2413,-2949], 
[2470,-2491], 
[-3496,-7035], 
[1413,-1511], 
[-8797,-6209], 

----------------------------------------------------------------n = 12
de castelijau:
t = 0.966
[-9455,546], 
[411,58], 
[-4174,1793], 
[6136,2108], 
[1477,-1129], 
[4932,1827], 
[5195,-6827], 
[-7642,7148], 
[8064,-658], 
[-6418,-5768], 
[6821,-4459], 
[4950,-4209], 

bezier:
t = 0.966
[-9455,546], 
[411,58], 
[-4174,1793], 
[6136,2108], 
[1477,-1129], 
[4932,1827], 
[5195,-6827], 
[-7642,7148], 
[8064,-658], 
[-6418,-5768], 
[6821,-4459], 
[4950,-4209], 

----------------------------------------------------------------n = 13
de castelijau:
t = 0.985
[-6950,-8043], 
[-4775,-5153], 
[-7476,720], 
[-3755,-7807], 
[-5608,-3886], 
[-2337,8284], 
[327,-7058], 
[4298,5023], 
[1715,425], 
[4116,-6463], 
[-5656,9012], 
[-6617,-9516], 
[-2809,-4846], 

bezier:
t = 0.985
[-6950,-8043], 
[-4775,-5153], 
[-7476,720], 
[-3755,-7807], 
[-5608,-3886], 
[-2337,8284], 
[327,-7058], 
[4298,5023], 
[1715,425], 
[4116,-6463], 
[-5656,9012], 
[-6617,-9516], 
[-2809,-4846], 

----------------------------------------------------------------n = 14
de castelijau:
t = 0.982
[9121,-7263], 
[-8925,-9352], 
[7008,-6160], 
[-6959,227], 
[1797,-8816], 
[-2680,-9703], 
[-1590,-5347], 
[2212,-7043], 
[-6177,-1153], 
[-94,-5470], 
[-6632,5702], 
[2073,-4559], 
[4579,-393], 
[-7346,-8109], 

bezier:
t = 0.982
[9121,-7263], 
[-8925,-9352], 
[7008,-6160], 
[-6959,227], 
[1797,-8816], 
[-2680,-9703], 
[-1590,-5347], 
[2212,-7043], 
[-6177,-1153], 
[-94,-5470], 
[-6632,5702], 
[2073,-4559], 
[4579,-393], 
[-7346,-8109], 

----------------------------------------------------------------n = 15
de castelijau:
t = 0.995
[-8108,-2087], 
[-879,-2113], 
[-5525,-7524], 
[4188,-4263], 
[2553,4442], 
[-4386,-8685], 
[545,-2780], 
[-7903,-6548], 
[-7916,-4723], 
[-3531,2201], 
[-319,-3932], 
[-9407,-7519], 
[-7862,-2617], 
[6558,357], 
[-2312,-9005], 

bezier:
t = 0.995
[-8108,-2087], 
[-879,-2113], 
[-5525,-7524], 
[4188,-4263], 
[2553,4442], 
[-4386,-8685], 
[545,-2780], 
[-7903,-6548], 
[-7916,-4723], 
[-3531,2201], 
[-319,-3932], 
[-9407,-7519], 
[-7862,-2617], 
[6558,357], 
[-2312,-9005], 

----------------------------------------------------------------n = 16
de castelijau:
t = 0.981
[9951,9297], 
[1141,3307], 
[9138,3707], 
[-144,7314], 
[-9411,-1582], 
[-1638,-6711], 
[-7720,-7608], 
[8139,5310], 
[-7804,-8960], 
[-6198,-9400], 
[-7989,-5199], 
[2085,-946], 
[-338,-1689], 
[-5594,-3803], 
[-5893,1257], 
[-2045,1913], 

bezier:
t = 0.981
[9951,9297], 
[1141,3307], 
[9138,3707], 
[-144,7314], 
[-9411,-1582], 
[-1638,-6711], 
[-7720,-7608], 
[8139,5310], 
[-7804,-8960], 
[-6198,-9400], 
[-7989,-5199], 
[2085,-946], 
[-338,-1689], 
[-5594,-3803], 
[-5893,1257], 
[-2045,1913], 

----------------------------------------------------------------n = 17
de castelijau:
t = 0.998
[5617,-9124], 
[-8084,-3147], 
[-8507,-7387], 
[-2435,-1248], 
[-8853,-8066], 
[-9314,-7423], 
[4824,-8079], 
[603,-6837], 
[-5700,-323], 
[2503,-2002], 
[1559,-1096], 
[-5128,9885], 
[6602,-1813], 
[2552,4839], 
[-7894,-4188], 
[-5095,4872], 
[3229,-853], 

bezier:
t = 0.998
[5617,-9124], 
[-8084,-3147], 
[-8507,-7387], 
[-2435,-1248], 
[-8853,-8066], 
[-9314,-7423], 
[4824,-8079], 
[603,-6837], 
[-5700,-323], 
[2503,-2002], 
[1559,-1096], 
[-5128,9885], 
[6602,-1813], 
[2552,4839], 
[-7894,-4188], 
[-5095,4872], 
[3229,-853], 

----------------------------------------------------------------n = 18
de castelijau:
t = 0.993
[-9535,-9707], 
[-6864,486], 
[-9896,-7621], 
[782,407], 
[-9816,-3261], 
[-1875,3190], 
[4699,-7104], 
[7394,7829], 
[-6934,841], 
[-9322,-3455], 
[8000,252], 
[-1308,-5015], 
[1149,1699], 
[-3846,-3486], 
[-2286,-553], 
[7042,2699], 
[2489,2754], 
[9063,-4306], 

bezier:
t = 0.993
[-9535,-9707], 
[-6864,486], 
[-9896,-7621], 
[782,407], 
[-9816,-3261], 
[-1875,3190], 
[4699,-7104], 
[7394,7829], 
[-6934,841], 
[-9322,-3455], 
[8000,252], 
[-1308,-5015], 
[1149,1699], 
[-3846,-3486], 
[-2286,-553], 
[7042,2699], 
[2489,2754], 
[9063,-4306], 

----------------------------------------------------------------n = 19
de castelijau:
t = 0.993
[-2650,-7901], 
[7124,-3434], 
[-8265,773], 
[-8702,-4885], 
[4671,2281], 
[-9371,969], 
[-7224,7254], 
[-4638,1428], 
[7880,-7580], 
[2291,-6966], 
[-1470,-1329], 
[4250,-1766], 
[-4404,-2284], 
[-683,-4714], 
[-3151,3505], 
[-5710,-1500], 
[119,6416], 
[5348,-2819], 
[-8572,-2136], 

bezier:
t = 0.993
[-2650,-7901], 
[7124,-3434], 
[-8265,773], 
[-8702,-4885], 
[4671,2281], 
[-9371,969], 
[-7224,7254], 
[-4638,1428], 
[7880,-7580], 
[2291,-6966], 
[-1470,-1329], 
[4250,-1766], 
[-4404,-2284], 
[-683,-4714], 
[-3151,3505], 
[-5710,-1500], 
[119,6416], 
[5348,-2819], 
[-8572,-2136], 

----------------------------------------------------------------n = 20
de castelijau:
t = 0.984
[9170,-9064], 
[2362,1891], 
[-9843,-238], 
[-6746,-1545], 
[-1109,-6126], 
[1090,-5046], 
[-8555,-2525], 
[6821,-2160], 
[-5625,-249], 
[8878,5552], 
[727,6052], 
[-1596,4586], 
[-8969,8992], 
[-2302,-3236], 
[1114,-2585], 
[-8114,8101], 
[-7628,-7561], 
[-628,-3766], 
[2503,7222], 
[-5103,5115], 

bezier:
t = 0.984
[9170,-9064], 
[2362,1891], 
[-9843,-238], 
[-6746,-1545], 
[-1109,-6126], 
[1090,-5046], 
[-8555,-2525], 
[6821,-2160], 
[-5625,-249], 
[8878,5552], 
[727,6052], 
[-1596,4586], 
[-8969,8992], 
[-2302,-3236], 
[1114,-2585], 
[-8114,8101], 
[-7628,-7561], 
[-628,-3766], 
[2503,7222], 
[-5103,5115], 

----------------------------------------------------------------