n = 1
de castelijau:
t = 0.869
[0.009101,-0.008745], 

bezier:
t = 0.869
[0.009101,-0.008745], 

----------------------------------------------------------------n = 2
de castelijau:
t = 0.93
[-0.009085,-0.009226], 
[-0.006346,-0.000388], 

bezier:
t = 0.819
[-0.001354,-0.008689], 
[0.009802,-0.007208], 

----------------------------------------------------------------n = 3
de castelijau:
t = 0.973
[-0.009739,-0.002583], 
[-0.008787,-0.008397], 
[-0.001673,-0.006695], 

bezier:
t = 0.938
[0.008034,-0.008077], 
[-0.00758,-0.003541], 
[0.005273,-0.003522], 

----------------------------------------------------------------n = 4
de castelijau:
t = 0.99
[0.001874,0.008809], 
[-0.007934,0.005367], 
[-0.001244,0.007558], 
[-0.006089,0.008445], 

bezier:
t = 0.952
[-0.007506,-0.000893], 
[-0.002717,-0.00577], 
[-0.009068,0.009118], 
[0.000965,-0.000614], 

----------------------------------------------------------------n = 5
de castelijau:
t = 0.99
[0.008745,-0.006127], 
[-0.000856,-0.004412], 
[0.008301,-0.00921], 
[-0.000347,0.004529], 
[-0.005657,-0.006835], 

bezier:
t = 0.99
[0.008745,-0.006127], 
[-0.000856,-0.004412], 
[0.008301,-0.00921], 
[-0.000347,0.004529], 
[-0.005657,-0.006835], 

----------------------------------------------------------------n = 6
de castelijau:
t = 0.941
[-0.008458,-0.005018], 
[-0.00934,-0.004366], 
[-0.009378,0.001728], 
[0.001749,0.004473], 
[0.007004,0.007777], 
[0.002132,-0.003297], 

bezier:
t = 0.941
[-0.008458,-0.005018], 
[-0.00934,-0.004366], 
[-0.009378,0.001728], 
[0.001749,0.004473], 
[0.007004,0.007777], 
[0.002132,-0.003297], 

----------------------------------------------------------------n = 7
de castelijau:
t = 0.917
[0.001323,-0.007515], 
[-0.0024,-0.002465], 
[0.000986,-0.001931], 
[0.002069,-0.003016], 
[-0.003308,-0.000559], 
[0.005599,-0.005727], 
[0.002754,0.001072], 

bezier:
t = 0.917
[0.001323,-0.007515], 
[-0.0024,-0.002465], 
[0.000986,-0.001931], 
[0.002069,-0.003016], 
[-0.003308,-0.000559], 
[0.005599,-0.005727], 
[0.002754,0.001072], 

----------------------------------------------------------------n = 8
de castelijau:
t = 0.977
[-0.00816,0.008173], 
[-0.009141,0.009408], 
[-0.000601,0.006991], 
[-0.000627,0.002332], 
[-0.002949,-0.009421], 
[-0.007421,0.000182], 
[0.00377,-0.009294], 
[0.002096,0.007988], 

bezier:
t = 0.977
[-0.00816,0.008173], 
[-0.009141,0.009408], 
[-0.000601,0.006991], 
[-0.000627,0.002332], 
[-0.002949,-0.009421], 
[-0.007421,0.000182], 
[0.00377,-0.009294], 
[0.002096,0.007988], 

----------------------------------------------------------------n = 9
de castelijau:
t = 0.901
[-0.009789,0.001867], 
[-0.003502,0.009285], 
[0.003403,-0.000743], 
[-0.002818,-0.007639], 
[-0.005017,-0.006493], 
[-2.2e-005,0.008464], 
[-0.009794,0.000287], 
[-0.006396,-0.004006], 
[-0.006827,-0.009158], 

bezier:
t = 0.901
[-0.009789,0.001867], 
[-0.003502,0.009285], 
[0.003403,-0.000743], 
[-0.002818,-0.007639], 
[-0.005017,-0.006493], 
[-2.2e-005,0.008464], 
[-0.009794,0.000287], 
[-0.006396,-0.004006], 
[-0.006827,-0.009158], 

----------------------------------------------------------------n = 10
de castelijau:
t = 0.995
[0.009857,-0.007257], 
[-0.002144,-0.008708], 
[-0.002449,-0.007471], 
[0.000645,0.009317], 
[-0.004816,-0.003845], 
[0.000162,-0.007999], 
[-0.002767,-0.002581], 
[-0.007092,0.001899], 
[0.008601,-0.00905], 
[0.000367,-0.002195], 

bezier:
t = 0.995
[0.009857,-0.007257], 
[-0.002144,-0.008708], 
[-0.002449,-0.007471], 
[0.000645,0.009317], 
[-0.004816,-0.003845], 
[0.000162,-0.007999], 
[-0.002767,-0.002581], 
[-0.007092,0.001899], 
[0.008601,-0.00905], 
[0.000367,-0.002195], 

----------------------------------------------------------------n = 11
de castelijau:
t = 0.974
[-0.007514,0.002287], 
[-0.00616,0.009603], 
[-0.008163,-0.00985], 
[-0.006346,-0.007785], 
[-0.007954,0.000166], 
[-0.009281,-0.008063], 
[0.000428,-0.005533], 
[0.002786,0.007495], 
[-0.003862,-0.008078], 
[0.000624,-0.000856], 
[0.001761,-0.004225], 

bezier:
t = 0.974
[-0.007514,0.002287], 
[-0.00616,0.009603], 
[-0.008163,-0.00985], 
[-0.006346,-0.007785], 
[-0.007954,0.000166], 
[-0.009281,-0.008063], 
[0.000428,-0.005533], 
[0.002786,0.007495], 
[-0.003862,-0.008078], 
[0.000624,-0.000856], 
[0.001761,-0.004225], 

----------------------------------------------------------------n = 12
de castelijau:
t = 1
[0.009905,-0.003913], 
[-0.00764,-0.005923], 
[-0.006196,0.005621], 
[0.008141,0.000806], 
[0.006764,0.001245], 
[0.006194,-0.001051], 
[-0.002396,0.002544], 
[-0.006375,-0.002527], 
[0.001557,0.006599], 
[0.008983,-0.000334], 
[-0.002712,-0.002858], 
[0.003343,-0.004969], 

bezier:
t = 1
[0.009905,-0.003913], 
[-0.00764,-0.005923], 
[-0.006196,0.005621], 
[0.008141,0.000806], 
[0.006764,0.001245], 
[0.006194,-0.001051], 
[-0.002396,0.002544], 
[-0.006375,-0.002527], 
[0.001557,0.006599], 
[0.008983,-0.000334], 
[-0.002712,-0.002858], 
[0.003343,-0.004969], 

----------------------------------------------------------------n = 13
de castelijau:
t = 0.967
[0.009873,-0.009513], 
[0.003246,0.003262], 
[0.001833,-0.003196], 
[-0.001712,-0.008158], 
[0.001936,-0.003669], 
[-0.002554,-0.003359], 
[-0.009576,-0.007322], 
[-0.005037,0.003319], 
[0.001946,0.005537], 
[-0.006586,-0.002706], 
[-0.007071,-0.007137], 
[-0.009819,-0.009245], 
[-0.005971,0.000831], 

bezier:
t = 0.967
[0.009873,-0.009513], 
[0.003246,0.003262], 
[0.001833,-0.003196], 
[-0.001712,-0.008158], 
[0.001936,-0.003669], 
[-0.002554,-0.003359], 
[-0.009576,-0.007322], 
[-0.005037,0.003319], 
[0.001946,0.005537], 
[-0.006586,-0.002706], 
[-0.007071,-0.007137], 
[-0.009819,-0.009245], 
[-0.005971,0.000831], 

----------------------------------------------------------------n = 14
de castelijau:
t = 0.994
[-0.005746,-0.008461], 
[-0.009897,-0.008577], 
[-0.006909,-0.006665], 
[-0.008055,0.00626], 
[-0.009279,-0.009689], 
[-0.002534,6.5e-005], 
[-0.008606,0.006312], 
[4.8e-005,0.00201], 
[-0.003556,-0.000509], 
[0.007447,0.003641], 
[0.002328,-0.00023], 
[-0.00646,-0.009508], 
[-0.006308,0.006681], 
[-0.00346,-0.005675], 

bezier:
t = 0.994
[-0.005746,-0.008461], 
[-0.009897,-0.008577], 
[-0.006909,-0.006665], 
[-0.008055,0.00626], 
[-0.009279,-0.009689], 
[-0.002534,6.5e-005], 
[-0.008606,0.006312], 
[4.8e-005,0.00201], 
[-0.003556,-0.000509], 
[0.007447,0.003641], 
[0.002328,-0.00023], 
[-0.00646,-0.009508], 
[-0.006308,0.006681], 
[-0.00346,-0.005675], 

----------------------------------------------------------------n = 15
de castelijau:
t = 0.977
[0.006732,-0.005942], 
[0.003467,0.002432], 
[0.001804,-0.005653], 
[-0.004074,0.003187], 
[-0.002406,0.005212], 
[0.006307,-0.009062], 
[0.008703,0.001221], 
[-0.008674,-0.003842], 
[-0.003923,0.006051], 
[0.001453,0.004451], 
[-0.004493,0.004509], 
[0.002112,0.005731], 
[0.007817,0.005205], 
[0.002119,-0.001221], 
[0.002894,-0.008094], 

bezier:
t = 0.977
[0.006732,-0.005942], 
[0.003467,0.002432], 
[0.001804,-0.005653], 
[-0.004074,0.003187], 
[-0.002406,0.005212], 
[0.006307,-0.009062], 
[0.008703,0.001221], 
[-0.008674,-0.003842], 
[-0.003923,0.006051], 
[0.001453,0.004451], 
[-0.004493,0.004509], 
[0.002112,0.005731], 
[0.007817,0.005205], 
[0.002119,-0.001221], 
[0.002894,-0.008094], 

----------------------------------------------------------------n = 16
de castelijau:
t = 0.994
[-0.002244,-0.009784], 
[0.00127,-0.008547], 
[0.005126,-0.007713], 
[-0.008815,-0.008843], 
[-0.005172,-0.007927], 
[0.000418,-0.00177], 
[-0.005551,-0.006456], 
[-0.000333,-0.006575], 
[0.006799,6.9e-005], 
[0.002333,-0.004015], 
[-0.002701,-0.002781], 
[-0.000826,-0.003025], 
[-0.00044,0.003538], 
[0.002637,0.000579], 
[0.001337,-0.007515], 
[0.008297,0.002615], 

bezier:
t = 0.994
[-0.002244,-0.009784], 
[0.00127,-0.008547], 
[0.005126,-0.007713], 
[-0.008815,-0.008843], 
[-0.005172,-0.007927], 
[0.000418,-0.00177], 
[-0.005551,-0.006456], 
[-0.000333,-0.006575], 
[0.006799,6.9e-005], 
[0.002333,-0.004015], 
[-0.002701,-0.002781], 
[-0.000826,-0.003025], 
[-0.00044,0.003538], 
[0.002637,0.000579], 
[0.001337,-0.007515], 
[0.008297,0.002615], 

----------------------------------------------------------------n = 17
de castelijau:
t = 0.963
[-0.007498,-0.008972], 
[4.2e-005,-0.007989], 
[-0.005035,0.007172], 
[-0.001979,0.001887], 
[-0.000314,-0.005272], 
[-0.00242,-0.001813], 
[0.004259,-0.00015], 
[-0.00951,0.000681], 
[0.002644,-0.00534], 
[-0.000145,0.000974], 
[-0.002944,-0.006872], 
[-0.006374,0.001173], 
[-0.003735,-0.000371], 
[-0.00337,0.003396], 
[-0.005003,0.004836], 
[-0.007077,-0.007901], 
[-0.006832,-0.003421], 

bezier:
t = 0.963
[-0.007498,-0.008972], 
[4.2e-005,-0.007989], 
[-0.005035,0.007172], 
[-0.001979,0.001887], 
[-0.000314,-0.005272], 
[-0.00242,-0.001813], 
[0.004259,-0.00015], 
[-0.00951,0.000681], 
[0.002644,-0.00534], 
[-0.000145,0.000974], 
[-0.002944,-0.006872], 
[-0.006374,0.001173], 
[-0.003735,-0.000371], 
[-0.00337,0.003396], 
[-0.005003,0.004836], 
[-0.007077,-0.007901], 
[-0.006832,-0.003421], 

----------------------------------------------------------------n = 18
de castelijau:
t = 0.975
[-0.007899,-0.007611], 
[-0.006165,-0.008271], 
[-0.006555,-0.003966], 
[-0.000376,0.002801], 
[0.003771,0.008297], 
[-0.001205,0.001674], 
[-0.000312,-0.003402], 
[0.003492,-0.007267], 
[0.007069,-0.005043], 
[-0.005154,0.00111], 
[-0.003768,0.004437], 
[0.007861,0.001902], 
[7.1e-005,0.006907], 
[0.008683,0.005011], 
[0.001509,0.002302], 
[0.008632,0.008427], 
[-0.001826,0.006988], 
[-0.002975,-0.00913], 

bezier:
t = 0.975
[-0.007899,-0.007611], 
[-0.006165,-0.008271], 
[-0.006555,-0.003966], 
[-0.000376,0.002801], 
[0.003771,0.008297], 
[-0.001205,0.001674], 
[-0.000312,-0.003402], 
[0.003492,-0.007267], 
[0.007069,-0.005043], 
[-0.005154,0.00111], 
[-0.003768,0.004437], 
[0.007861,0.001902], 
[7.1e-005,0.006907], 
[0.008683,0.005011], 
[0.001509,0.002302], 
[0.008632,0.008427], 
[-0.001826,0.006988], 
[-0.002975,-0.00913], 

----------------------------------------------------------------n = 19
de castelijau:
t = 0.933
[-0.005453,-0.007348], 
[-0.009459,-0.002177], 
[0.00703,-0.002468], 
[-0.005348,-0.004116], 
[-0.008044,-0.005847], 
[-0.005801,-0.009065], 
[-0.003869,0.000299], 
[-0.007903,-0.006689], 
[-0.00635,-0.000962], 
[-0.009478,-0.005543], 
[-0.005639,-0.008523], 
[-0.00813,0.006432], 
[0.007955,7.2e-005], 
[-0.003477,-5.4e-005], 
[0.00311,-0.005133], 
[0.005889,-0.009597], 
[0.009417,0.008418], 
[0.004078,-0.005162], 
[-0.007003,0.003654], 

bezier:
t = 0.933
[-0.005453,-0.007348], 
[-0.009459,-0.002177], 
[0.00703,-0.002468], 
[-0.005348,-0.004116], 
[-0.008044,-0.005847], 
[-0.005801,-0.009065], 
[-0.003869,0.000299], 
[-0.007903,-0.006689], 
[-0.00635,-0.000962], 
[-0.009478,-0.005543], 
[-0.005639,-0.008523], 
[-0.00813,0.006432], 
[0.007955,7.2e-005], 
[-0.003477,-5.4e-005], 
[0.00311,-0.005133], 
[0.005889,-0.009597], 
[0.009417,0.008418], 
[0.004078,-0.005162], 
[-0.007003,0.003654], 

----------------------------------------------------------------n = 20
de castelijau:
t = 0.982
[-0.00504,0.007417], 
[-0.009924,-0.002267], 
[-0.004193,0.000353], 
[0.001086,0.001402], 
[-0.009704,-0.006795], 
[-0.003577,-0.004222], 
[-0.003183,-0.000516], 
[0.001245,0.000453], 
[-0.001569,-0.00636], 
[-0.001515,-0.008626], 
[0.000502,-0.000242], 
[0.001568,0.004665], 
[-0.00709,-0.000808], 
[0.00046,0.002573], 
[-0.007741,-0.002594], 
[-0.007287,0.009966], 
[0.005633,-0.003182], 
[0.009675,0.003627], 
[-0.001922,-0.005412], 
[-0.004944,0.001916], 

bezier:
t = 0.982
[-0.00504,0.007417], 
[-0.009924,-0.002267], 
[-0.004193,0.000353], 
[0.001086,0.001402], 
[-0.009704,-0.006795], 
[-0.003577,-0.004222], 
[-0.003183,-0.000516], 
[0.001245,0.000453], 
[-0.001569,-0.00636], 
[-0.001515,-0.008626], 
[0.000502,-0.000242], 
[0.001568,0.004665], 
[-0.00709,-0.000808], 
[0.00046,0.002573], 
[-0.007741,-0.002594], 
[-0.007287,0.009966], 
[0.005633,-0.003182], 
[0.009675,0.003627], 
[-0.001922,-0.005412], 
[-0.004944,0.001916], 

----------------------------------------------------------------