n = 1
de castelijau:
t = 0.998
[-0.0009786,-0.0001533], 

bezier:
t = 0.998
[-0.0009786,-0.0001533], 

----------------------------------------------------------------n = 2
de castelijau:
t = 0.996
[-0.0007308,-0.000909], 
[0.000145,-0.0003014], 

bezier:
t = 0.996
[-0.0007308,-0.000909], 
[0.000145,-0.0003014], 

----------------------------------------------------------------n = 3
de castelijau:
t = 0.973
[-0.0009739,-0.0002583], 
[-0.0008787,-0.0008397], 
[-0.0001673,-0.0006695], 

bezier:
t = 0.973
[-0.0009739,-0.0002583], 
[-0.0008787,-0.0008397], 
[-0.0001673,-0.0006695], 

----------------------------------------------------------------n = 4
de castelijau:
t = 0.98
[-6.15e-005,-0.0009141], 
[0.0007666,-0.0009802], 
[0.0005749,-0.0001661], 
[0.0002082,-0.0005667], 

bezier:
t = 0.98
[-6.15e-005,-0.0009141], 
[0.0007666,-0.0009802], 
[0.0005749,-0.0001661], 
[0.0002082,-0.0005667], 

----------------------------------------------------------------n = 5
de castelijau:
t = 0.993
[0.0001223,-0.0008744], 
[-3.79e-005,-6.95e-005], 
[7.9e-006,0.0004942], 
[-0.0002053,0.0006375], 
[0.0004472,-7.1e-005], 

bezier:
t = 0.993
[0.0001223,-0.0008744], 
[-3.79e-005,-6.95e-005], 
[7.9e-006,0.0004942], 
[-0.0002053,0.0006375], 
[0.0004472,-7.1e-005], 

----------------------------------------------------------------n = 6
de castelijau:
t = 0.991
[0.0008439,-0.0002548], 
[0.0001964,-0.0003244], 
[0.0005885,0.0007416], 
[-0.0001806,-0.0009809], 
[-0.0004387,0.0002715], 
[0.0007839,-0.0003866], 

bezier:
t = 0.925
[-0.0009414,-0.0001138], 
[0.0004883,0.0003957], 
[0.0003121,5.45e-005], 
[-0.0006804,0.0004424], 
[-0.0008868,0.0005406], 
[-0.0005396,-1.9e-006], 

----------------------------------------------------------------n = 7
de castelijau:
t = 0.967
[0.0009435,-0.0009], 
[-0.0005296,-0.0007422], 
[0.000367,-0.0007892], 
[0.0001547,-0.0005832], 
[0.0003202,-0.0006269], 
[0.0001739,-0.0005122], 
[-0.0005352,0.0001703], 

bezier:
t = 0.967
[0.0009435,-0.0009], 
[-0.0005296,-0.0007422], 
[0.000367,-0.0007892], 
[0.0001547,-0.0005832], 
[0.0003202,-0.0006269], 
[0.0001739,-0.0005122], 
[-0.0005352,0.0001703], 

----------------------------------------------------------------n = 8
de castelijau:
t = 0.997
[-0.000846,-6e-005], 
[-0.000513,0.0005957], 
[-0.0007774,0.0007477], 
[-0.0008822,-0.0005091], 
[-0.0007171,0.0007262], 
[-0.0006991,3.17e-005], 
[-0.0004144,-0.0005214], 
[-0.0003297,-0.0002491], 

bezier:
t = 0.997
[-0.000846,-6e-005], 
[-0.000513,0.0005957], 
[-0.0007774,0.0007477], 
[-0.0008822,-0.0005091], 
[-0.0007171,0.0007262], 
[-0.0006991,3.17e-005], 
[-0.0004144,-0.0005214], 
[-0.0003297,-0.0002491], 

----------------------------------------------------------------n = 9
de castelijau:
t = 0.977
[-0.0008702,0.0007616], 
[-0.0002374,-0.0008831], 
[-0.0006886,-0.0005642], 
[-0.0009704,0.0009888], 
[0.0007729,4.12e-005], 
[9.12e-005,-0.000966], 
[-0.0004701,-0.0009945], 
[-0.000463,5.47e-005], 
[0.0005027,0.0008884], 

bezier:
t = 0.977
[-0.0008702,0.0007616], 
[-0.0002374,-0.0008831], 
[-0.0006886,-0.0005642], 
[-0.0009704,0.0009888], 
[0.0007729,4.12e-005], 
[9.12e-005,-0.000966], 
[-0.0004701,-0.0009945], 
[-0.000463,5.47e-005], 
[0.0005027,0.0008884], 

----------------------------------------------------------------n = 10
de castelijau:
t = 0.998
[-0.0006773,-0.0009199], 
[-0.0002837,-0.0009587], 
[-0.0005945,9.06e-005], 
[-0.0009384,-0.0002837], 
[-0.0001047,0.000198], 
[-0.0004595,-0.0006319], 
[0.000648,-0.0003608], 
[7.18e-005,0.0007547], 
[1.75e-005,-0.0002087], 
[-4.5e-006,-0.0004076], 

bezier:
t = 0.998
[-0.0006773,-0.0009199], 
[-0.0002837,-0.0009587], 
[-0.0005945,9.06e-005], 
[-0.0009384,-0.0002837], 
[-0.0001047,0.000198], 
[-0.0004595,-0.0006319], 
[0.000648,-0.0003608], 
[7.18e-005,0.0007547], 
[1.75e-005,-0.0002087], 
[-4.5e-006,-0.0004076], 

----------------------------------------------------------------n = 11
de castelijau:
t = 0.995
[0.0002886,-0.0006632], 
[-0.0009272,-0.0006004], 
[-0.0001422,0.0009532], 
[-0.00063,-0.0009003], 
[-8.47e-005,8.58e-005], 
[-0.0009995,-0.0002188], 
[-0.0006115,-0.0003216], 
[-0.0002368,0.0001387], 
[0.0001133,-0.0009999], 
[-0.0001162,-0.0002882], 
[-0.0007365,0.0004023], 

bezier:
t = 0.995
[0.0002886,-0.0006632], 
[-0.0009272,-0.0006004], 
[-0.0001422,0.0009532], 
[-0.00063,-0.0009003], 
[-8.47e-005,8.58e-005], 
[-0.0009995,-0.0002188], 
[-0.0006115,-0.0003216], 
[-0.0002368,0.0001387], 
[0.0001133,-0.0009999], 
[-0.0001162,-0.0002882], 
[-0.0007365,0.0004023], 

----------------------------------------------------------------n = 12
de castelijau:
t = 0.985
[0.0001303,-0.0009102], 
[-0.0007894,-0.0007458], 
[-0.0009259,-0.0004037], 
[0.0006452,-0.0003938], 
[-0.0003754,-0.0008294], 
[-0.000316,0.0002082], 
[7.92e-005,-0.0005392], 
[-0.0003042,-0.00022], 
[-0.0005206,5.64e-005], 
[-0.0009325,0.0001423], 
[0.0003358,-0.0007662], 
[-0.0001337,-0.0009784], 

bezier:
t = 0.985
[0.0001303,-0.0009102], 
[-0.0007894,-0.0007458], 
[-0.0009259,-0.0004037], 
[0.0006452,-0.0003938], 
[-0.0003754,-0.0008294], 
[-0.000316,0.0002082], 
[7.92e-005,-0.0005392], 
[-0.0003042,-0.00022], 
[-0.0005206,5.64e-005], 
[-0.0009325,0.0001423], 
[0.0003358,-0.0007662], 
[-0.0001337,-0.0009784], 

----------------------------------------------------------------n = 13
de castelijau:
t = 0.992
[0.0008882,0.0009567], 
[0.0007893,-0.0006963], 
[0.0009828,-0.0005839], 
[0.0001004,0.0006723], 
[-0.0006726,-0.0008021], 
[-2.22e-005,-0.0003622], 
[-0.0001595,-0.0006893], 
[2.06e-005,-0.000835], 
[-6.24e-005,0.000514], 
[-0.0007511,6.35e-005], 
[-0.0001859,-9.69e-005], 
[-9.26e-005,-0.0007573], 
[-0.0002089,-0.0007412], 

bezier:
t = 0.992
[0.0008882,0.0009567], 
[0.0007893,-0.0006963], 
[0.0009828,-0.0005839], 
[0.0001004,0.0006723], 
[-0.0006726,-0.0008021], 
[-2.22e-005,-0.0003622], 
[-0.0001595,-0.0006893], 
[2.06e-005,-0.000835], 
[-6.24e-005,0.000514], 
[-0.0007511,6.35e-005], 
[-0.0001859,-9.69e-005], 
[-9.26e-005,-0.0007573], 
[-0.0002089,-0.0007412], 

----------------------------------------------------------------n = 14
de castelijau:
t = 0.982
[0.0009121,-0.0007263], 
[-0.0008925,-0.0009352], 
[0.0007008,-0.000616], 
[-0.0006959,2.27e-005], 
[0.0001797,-0.0008816], 
[-0.000268,-0.0009703], 
[-0.000159,-0.0005347], 
[0.0002212,-0.0007043], 
[-0.0006177,-0.0001153], 
[-9.4e-006,-0.000547], 
[-0.0006632,0.0005702], 
[0.0002073,-0.0004559], 
[0.0004579,-3.93e-005], 
[-0.0007346,-0.0008109], 

bezier:
t = 0.982
[0.0009121,-0.0007263], 
[-0.0008925,-0.0009352], 
[0.0007008,-0.000616], 
[-0.0006959,2.27e-005], 
[0.0001797,-0.0008816], 
[-0.000268,-0.0009703], 
[-0.000159,-0.0005347], 
[0.0002212,-0.0007043], 
[-0.0006177,-0.0001153], 
[-9.4e-006,-0.000547], 
[-0.0006632,0.0005702], 
[0.0002073,-0.0004559], 
[0.0004579,-3.93e-005], 
[-0.0007346,-0.0008109], 

----------------------------------------------------------------n = 15
de castelijau:
t = 0.92
[-0.0006671,-0.0007452], 
[-0.0003043,-0.0007858], 
[-5.48e-005,-0.0006665], 
[0.0001667,0.0009599], 
[0.0008829,0.000195], 
[-0.0002055,-0.0001415], 
[0.0008601,-0.0007055], 
[0.0009322,-0.0002192], 
[6.4e-006,-0.0004075], 
[0.0004595,-0.0006221], 
[-0.0002054,0.0005857], 
[-6e-006,0.0005609], 
[-0.0001601,8.3e-005], 
[0.0008009,-0.0009062], 
[-2.18e-005,-0.0009995], 

bezier:
t = 0.92
[-0.0006671,-0.0007452], 
[-0.0003043,-0.0007858], 
[-5.48e-005,-0.0006665], 
[0.0001667,0.0009599], 
[0.0008829,0.000195], 
[-0.0002055,-0.0001415], 
[0.0008601,-0.0007055], 
[0.0009322,-0.0002192], 
[6.4e-006,-0.0004075], 
[0.0004595,-0.0006221], 
[-0.0002054,0.0005857], 
[-6e-006,0.0005609], 
[-0.0001601,8.3e-005], 
[0.0008009,-0.0009062], 
[-2.18e-005,-0.0009995], 

----------------------------------------------------------------n = 16
de castelijau:
t = 0.994
[-0.0002244,-0.0009784], 
[0.000127,-0.0008547], 
[0.0005126,-0.0007713], 
[-0.0008815,-0.0008843], 
[-0.0005172,-0.0007927], 
[4.18e-005,-0.000177], 
[-0.0005551,-0.0006456], 
[-3.33e-005,-0.0006575], 
[0.0006799,6.9e-006], 
[0.0002333,-0.0004015], 
[-0.0002701,-0.0002781], 
[-8.26e-005,-0.0003025], 
[-4.4e-005,0.0003538], 
[0.0002637,5.79e-005], 
[0.0001337,-0.0007515], 
[0.0008297,0.0002615], 

bezier:
t = 0.994
[-0.0002244,-0.0009784], 
[0.000127,-0.0008547], 
[0.0005126,-0.0007713], 
[-0.0008815,-0.0008843], 
[-0.0005172,-0.0007927], 
[4.18e-005,-0.000177], 
[-0.0005551,-0.0006456], 
[-3.33e-005,-0.0006575], 
[0.0006799,6.9e-006], 
[0.0002333,-0.0004015], 
[-0.0002701,-0.0002781], 
[-8.26e-005,-0.0003025], 
[-4.4e-005,0.0003538], 
[0.0002637,5.79e-005], 
[0.0001337,-0.0007515], 
[0.0008297,0.0002615], 

----------------------------------------------------------------n = 17
de castelijau:
t = 0.973
[-0.0002471,-0.0009875], 
[-1.96e-005,-0.000317], 
[-0.0004829,-0.0003459], 
[-0.0004953,-0.0004359], 
[-0.000317,-0.0005523], 
[-0.0003336,-0.0008423], 
[-0.0003042,-0.0009107], 
[0.000796,0.0003675], 
[-0.0009056,0.0001912], 
[0.0002402,6.88e-005], 
[-0.0001543,0.0002011], 
[-0.0005371,-0.0006777], 
[-0.0005455,-0.0005833], 
[-3.72e-005,0.0002639], 
[0.0005326,-0.0001402], 
[-1.3e-006,0.0001465], 
[-0.0001941,0.0004288], 

bezier:
t = 0.973
[-0.0002471,-0.0009875], 
[-1.96e-005,-0.000317], 
[-0.0004829,-0.0003459], 
[-0.0004953,-0.0004359], 
[-0.000317,-0.0005523], 
[-0.0003336,-0.0008423], 
[-0.0003042,-0.0009107], 
[0.000796,0.0003675], 
[-0.0009056,0.0001912], 
[0.0002402,6.88e-005], 
[-0.0001543,0.0002011], 
[-0.0005371,-0.0006777], 
[-0.0005455,-0.0005833], 
[-3.72e-005,0.0002639], 
[0.0005326,-0.0001402], 
[-1.3e-006,0.0001465], 
[-0.0001941,0.0004288], 

----------------------------------------------------------------n = 18
de castelijau:
t = 0.981
[-0.0009981,0.0009372], 
[-0.0006716,0.0003967], 
[3.26e-005,-0.0001184], 
[-0.0001774,-0.0001019], 
[1.6e-005,0.0001483], 
[0.0002245,0.0009748], 
[6.09e-005,0.0007167], 
[0.0008709,-0.0004641], 
[-0.0004676,0.0007439], 
[-0.0005526,-0.0002451], 
[-0.0003567,-0.0004591], 
[-0.000339,-0.0006006], 
[6.5e-005,-0.0004235], 
[-0.0004464,-0.0005315], 
[-0.0003197,-0.0009067], 
[-0.0006832,0.0008188], 
[3.01e-005,-0.0001173], 
[0.0004002,-0.0002405], 

bezier:
t = 0.981
[-0.0009981,0.0009372], 
[-0.0006716,0.0003967], 
[3.26e-005,-0.0001184], 
[-0.0001774,-0.0001019], 
[1.6e-005,0.0001483], 
[0.0002245,0.0009748], 
[6.09e-005,0.0007167], 
[0.0008709,-0.0004641], 
[-0.0004676,0.0007439], 
[-0.0005526,-0.0002451], 
[-0.0003567,-0.0004591], 
[-0.000339,-0.0006006], 
[6.5e-005,-0.0004235], 
[-0.0004464,-0.0005315], 
[-0.0003197,-0.0009067], 
[-0.0006832,0.0008188], 
[3.01e-005,-0.0001173], 
[0.0004002,-0.0002405], 

----------------------------------------------------------------n = 19
de castelijau:
t = 0.993
[0.0009422,-0.0003713], 
[-0.0003093,-0.0002636], 
[2.89e-005,-0.0002119], 
[-0.0006432,0.0002039], 
[0.000832,-2.47e-005], 
[-0.0006322,-0.0004185], 
[-0.0004927,0.000914], 
[-0.0007675,-0.0003126], 
[-0.000624,-0.0007273], 
[-0.0003318,-0.0004612], 
[-0.0006532,0.0003793], 
[-0.0003004,-0.0008543], 
[-9.71e-005,-0.0001374], 
[3.42e-005,5.07e-005], 
[-0.0003428,-0.0002419], 
[-0.0007383,0.0001592], 
[-0.000155,-0.0003481], 
[-0.0009322,-0.0003826], 
[-0.0007067,0.0002249], 

bezier:
t = 0.993
[0.0009422,-0.0003713], 
[-0.0003093,-0.0002636], 
[2.89e-005,-0.0002119], 
[-0.0006432,0.0002039], 
[0.000832,-2.47e-005], 
[-0.0006322,-0.0004185], 
[-0.0004927,0.000914], 
[-0.0007675,-0.0003126], 
[-0.000624,-0.0007273], 
[-0.0003318,-0.0004612], 
[-0.0006532,0.0003793], 
[-0.0003004,-0.0008543], 
[-9.71e-005,-0.0001374], 
[3.42e-005,5.07e-005], 
[-0.0003428,-0.0002419], 
[-0.0007383,0.0001592], 
[-0.000155,-0.0003481], 
[-0.0009322,-0.0003826], 
[-0.0007067,0.0002249], 

----------------------------------------------------------------n = 20
de castelijau:
t = 0.981
[0.000469,-0.0008161], 
[0.0008567,-0.000672], 
[0.0009798,-0.000182], 
[-0.0008571,0.0002233], 
[-0.0008653,-0.0007979], 
[0.0008391,0.0002519], 
[0.0008618,-0.0002253], 
[0.0007529,-0.0005084], 
[-0.0005789,-0.0004508], 
[-5.08e-005,-0.0007158], 
[-0.0004142,-0.0008451], 
[-0.0006228,-0.0008139], 
[4.73e-005,7.04e-005], 
[-0.0005908,-0.0005345], 
[0.000167,3.54e-005], 
[0.0007377,-5.32e-005], 
[0.0002326,3.07e-005], 
[0.0007394,-0.000139], 
[-0.0006185,0.0001305], 
[0.0002006,-0.0008355], 

bezier:
t = 0.981
[0.000469,-0.0008161], 
[0.0008567,-0.000672], 
[0.0009798,-0.000182], 
[-0.0008571,0.0002233], 
[-0.0008653,-0.0007979], 
[0.0008391,0.0002519], 
[0.0008618,-0.0002253], 
[0.0007529,-0.0005084], 
[-0.0005789,-0.0004508], 
[-5.08e-005,-0.0007158], 
[-0.0004142,-0.0008451], 
[-0.0006228,-0.0008139], 
[4.73e-005,7.04e-005], 
[-0.0005908,-0.0005345], 
[0.000167,3.54e-005], 
[0.0007377,-5.32e-005], 
[0.0002326,3.07e-005], 
[0.0007394,-0.000139], 
[-0.0006185,0.0001305], 
[0.0002006,-0.0008355], 

----------------------------------------------------------------