n = 1
de castelijau:
t = 0.879
[-19820,-81690], 

bezier:
t = 0.879
[-19820,-81690], 

----------------------------------------------------------------n = 2
de castelijau:
t = 0.996
[-63110,-90470], 
[22060,-94160], 

bezier:
t = 0.957
[-63890,-53680], 
[-90850,-39490], 

----------------------------------------------------------------n = 3
de castelijau:
t = 0.878
[-32410,-83080], 
[-92430,-85710], 
[-200,-36990], 

bezier:
t = 0.865
[-53160,-92780], 
[-26420,8280], 
[-74840,-87300], 

----------------------------------------------------------------n = 4
de castelijau:
t = 0.992
[3560,-75660], 
[430,-84090], 
[-96440,-53460], 
[6930,-50900], 

bezier:
t = 0.744
[-47310,53160], 
[21240,68370], 
[-72220,-36630], 
[-6150,-64770], 

----------------------------------------------------------------n = 5
de castelijau:
t = 0.949
[85030,26490], 
[-98740,95190], 
[-1260,-2700], 
[6180,-45810], 
[-70230,720], 

bezier:
t = 0.949
[85030,26490], 
[-98740,95190], 
[-1260,-2700], 
[6180,-45810], 
[-70230,720], 

----------------------------------------------------------------n = 6
de castelijau:
t = 0.997
[-53790,-22140], 
[-21120,4490], 
[77030,13720], 
[63570,14760], 
[-1720,-45540], 
[-18450,19000], 

bezier:
t = 0.997
[-53790,-22140], 
[-21120,4490], 
[77030,13720], 
[63570,14760], 
[-1720,-45540], 
[-18450,19000], 

----------------------------------------------------------------n = 7
de castelijau:
t = 0.998
[-1080,-86330], 
[-53230,-15670], 
[-92580,-3920], 
[96590,21520], 
[13290,19750], 
[-80900,96010], 
[-95490,18070], 

bezier:
t = 0.998
[-1080,-86330], 
[-53230,-15670], 
[-92580,-3920], 
[96590,21520], 
[13290,19750], 
[-80900,96010], 
[-95490,18070], 

----------------------------------------------------------------n = 8
de castelijau:
t = 0.981
[61550,-18130], 
[-20500,91720], 
[-45510,21480], 
[-70110,-91940], 
[-88740,27620], 
[-63410,23620], 
[-7160,-75340], 
[330,-11020], 

bezier:
t = 0.981
[61550,-18130], 
[-20500,91720], 
[-45510,21480], 
[-70110,-91940], 
[-88740,27620], 
[-63410,23620], 
[-7160,-75340], 
[330,-11020], 

----------------------------------------------------------------n = 9
de castelijau:
t = 0.98
[83060,-69420], 
[-11330,-8230], 
[54760,-76990], 
[-18080,4050], 
[11990,44110], 
[-80320,-48630], 
[28470,36380], 
[-59050,17440], 
[21640,42020], 

bezier:
t = 0.98
[83060,-69420], 
[-11330,-8230], 
[54760,-76990], 
[-18080,4050], 
[11990,44110], 
[-80320,-48630], 
[28470,36380], 
[-59050,17440], 
[21640,42020], 

----------------------------------------------------------------n = 10
de castelijau:
t = 0.95
[-53260,-42720], 
[-64510,-44540], 
[-41670,-20480], 
[-51260,-64220], 
[-48180,7600], 
[-86110,7580], 
[-13680,10060], 
[-29320,-63230], 
[44910,65340], 
[-35360,52910], 

bezier:
t = 0.95
[-53260,-42720], 
[-64510,-44540], 
[-41670,-20480], 
[-51260,-64220], 
[-48180,7600], 
[-86110,7580], 
[-13680,10060], 
[-29320,-63230], 
[44910,65340], 
[-35360,52910], 

----------------------------------------------------------------n = 11
de castelijau:
t = 0.984
[-98240,-64260], 
[-45740,-19430], 
[-67300,-32030], 
[-58790,35060], 
[-62970,-15540], 
[-37880,93060], 
[43700,13460], 
[42480,-71780], 
[8690,-46090], 
[-72850,-72490], 
[-8330,-36770], 

bezier:
t = 0.984
[-98240,-64260], 
[-45740,-19430], 
[-67300,-32030], 
[-58790,35060], 
[-62970,-15540], 
[-37880,93060], 
[43700,13460], 
[42480,-71780], 
[8690,-46090], 
[-72850,-72490], 
[-8330,-36770], 

----------------------------------------------------------------n = 12
de castelijau:
t = 0.992
[-75720,-8660], 
[31300,-68810], 
[-59560,-31530], 
[77810,50920], 
[24640,-5250], 
[24840,-37950], 
[72840,-73270], 
[-22310,-57110], 
[78180,60410], 
[-35220,-60080], 
[-87570,10630], 
[53000,20120], 

bezier:
t = 0.992
[-75720,-8660], 
[31300,-68810], 
[-59560,-31530], 
[77810,50920], 
[24640,-5250], 
[24840,-37950], 
[72840,-73270], 
[-22310,-57110], 
[78180,60410], 
[-35220,-60080], 
[-87570,10630], 
[53000,20120], 

----------------------------------------------------------------n = 13
de castelijau:
t = 0.997
[-21440,93220], 
[13180,5960], 
[-83050,-640], 
[15210,-74790], 
[46210,-59960], 
[90440,-56900], 
[-50480,-65560], 
[-55030,-79710], 
[-55970,-51310], 
[-31680,5620], 
[-9320,19890], 
[10570,5040], 
[47760,62100], 

bezier:
t = 0.997
[-21440,93220], 
[13180,5960], 
[-83050,-640], 
[15210,-74790], 
[46210,-59960], 
[90440,-56900], 
[-50480,-65560], 
[-55030,-79710], 
[-55970,-51310], 
[-31680,5620], 
[-9320,19890], 
[10570,5040], 
[47760,62100], 

----------------------------------------------------------------n = 14
de castelijau:
t = 0.99
[82900,-48650], 
[-48690,-71060], 
[-85170,-44790], 
[-76480,33520], 
[-39900,-61420], 
[-40390,-81270], 
[-59570,-14650], 
[96660,81430], 
[-73910,4630], 
[-26860,-84910], 
[-9480,84320], 
[75110,12420], 
[95010,-53780], 
[-32880,96100], 

bezier:
t = 0.99
[82900,-48650], 
[-48690,-71060], 
[-85170,-44790], 
[-76480,33520], 
[-39900,-61420], 
[-40390,-81270], 
[-59570,-14650], 
[96660,81430], 
[-73910,4630], 
[-26860,-84910], 
[-9480,84320], 
[75110,12420], 
[95010,-53780], 
[-32880,96100], 

----------------------------------------------------------------n = 15
de castelijau:
t = 0.995
[-81080,-20870], 
[-8790,-21130], 
[-55250,-75240], 
[41880,-42630], 
[25530,44420], 
[-43860,-86850], 
[5450,-27800], 
[-79030,-65480], 
[-79160,-47230], 
[-35310,22010], 
[-3190,-39320], 
[-94070,-75190], 
[-78620,-26170], 
[65580,3570], 
[-23120,-90050], 

bezier:
t = 0.995
[-81080,-20870], 
[-8790,-21130], 
[-55250,-75240], 
[41880,-42630], 
[25530,44420], 
[-43860,-86850], 
[5450,-27800], 
[-79030,-65480], 
[-79160,-47230], 
[-35310,22010], 
[-3190,-39320], 
[-94070,-75190], 
[-78620,-26170], 
[65580,3570], 
[-23120,-90050], 

----------------------------------------------------------------n = 16
de castelijau:
t = 0.994
[-22440,-97840], 
[12700,-85470], 
[51260,-77130], 
[-88150,-88430], 
[-51720,-79270], 
[4180,-17700], 
[-55510,-64560], 
[-3330,-65750], 
[67990,690], 
[23330,-40150], 
[-27010,-27810], 
[-8260,-30250], 
[-4400,35380], 
[26370,5790], 
[13370,-75150], 
[82970,26150], 

bezier:
t = 0.994
[-22440,-97840], 
[12700,-85470], 
[51260,-77130], 
[-88150,-88430], 
[-51720,-79270], 
[4180,-17700], 
[-55510,-64560], 
[-3330,-65750], 
[67990,690], 
[23330,-40150], 
[-27010,-27810], 
[-8260,-30250], 
[-4400,35380], 
[26370,5790], 
[13370,-75150], 
[82970,26150], 

----------------------------------------------------------------n = 17
de castelijau:
t = 0.95
[-77480,-71890], 
[-94720,-99380], 
[-83320,-19860], 
[-41350,-60730], 
[-34350,12620], 
[-64920,-39190], 
[20380,-68000], 
[-96700,-79510], 
[9810,12380], 
[26280,73500], 
[27470,-61580], 
[45850,-59170], 
[25960,52140], 
[-6040,8150], 
[87090,72860], 
[-26340,-61600], 
[5480,-42460], 

bezier:
t = 0.95
[-77480,-71890], 
[-94720,-99380], 
[-83320,-19860], 
[-41350,-60730], 
[-34350,12620], 
[-64920,-39190], 
[20380,-68000], 
[-96700,-79510], 
[9810,12380], 
[26280,73500], 
[27470,-61580], 
[45850,-59170], 
[25960,52140], 
[-6040,8150], 
[87090,72860], 
[-26340,-61600], 
[5480,-42460], 

----------------------------------------------------------------n = 18
de castelijau:
t = 0.997
[-21550,91550], 
[-77170,41490], 
[-12030,18960], 
[-59200,-94260], 
[58660,-58660], 
[-54940,-73060], 
[44240,-3470], 
[-83550,-90740], 
[-16540,27170], 
[-45450,9830], 
[-32640,41240], 
[-18310,29160], 
[-4060,-32100], 
[-640,-61700], 
[65530,40720], 
[-90670,-32840], 
[-61540,57320], 
[-39260,65760], 

bezier:
t = 0.997
[-21550,91550], 
[-77170,41490], 
[-12030,18960], 
[-59200,-94260], 
[58660,-58660], 
[-54940,-73060], 
[44240,-3470], 
[-83550,-90740], 
[-16540,27170], 
[-45450,9830], 
[-32640,41240], 
[-18310,29160], 
[-4060,-32100], 
[-640,-61700], 
[65530,40720], 
[-90670,-32840], 
[-61540,57320], 
[-39260,65760], 

----------------------------------------------------------------n = 19
de castelijau:
t = 0.972
[-67990,-27270], 
[-68010,3760], 
[11560,-77390], 
[6740,4440], 
[-4090,-6820], 
[-23930,-57530], 
[-38770,14620], 
[98710,-20900], 
[-32710,-71570], 
[62350,18760], 
[-29840,-58830], 
[-51480,9060], 
[42020,-360], 
[24580,22590], 
[58300,98200], 
[-24530,15300], 
[90970,-26340], 
[79110,94680], 
[-88980,-33250], 

bezier:
t = 0.972
[-67990,-27270], 
[-68010,3760], 
[11560,-77390], 
[6740,4440], 
[-4090,-6820], 
[-23930,-57530], 
[-38770,14620], 
[98710,-20900], 
[-32710,-71570], 
[62350,18760], 
[-29840,-58830], 
[-51480,9060], 
[42020,-360], 
[24580,22590], 
[58300,98200], 
[-24530,15300], 
[90970,-26340], 
[79110,94680], 
[-88980,-33250], 

----------------------------------------------------------------n = 20
de castelijau:
t = 0.984
[91700,-90640], 
[23620,18910], 
[-98430,-2380], 
[-67460,-15450], 
[-11090,-61260], 
[10900,-50460], 
[-85550,-25250], 
[68210,-21600], 
[-56250,-2490], 
[88780,55520], 
[7270,60520], 
[-15960,45860], 
[-89690,89920], 
[-23020,-32360], 
[11140,-25850], 
[-81140,81010], 
[-76280,-75610], 
[-6280,-37660], 
[25030,72220], 
[-51030,51150], 

bezier:
t = 0.984
[91700,-90640], 
[23620,18910], 
[-98430,-2380], 
[-67460,-15450], 
[-11090,-61260], 
[10900,-50460], 
[-85550,-25250], 
[68210,-21600], 
[-56250,-2490], 
[88780,55520], 
[7270,60520], 
[-15960,45860], 
[-89690,89920], 
[-23020,-32360], 
[11140,-25850], 
[-81140,81010], 
[-76280,-75610], 
[-6280,-37660], 
[25030,72220], 
[-51030,51150], 

----------------------------------------------------------------