n = 1
de castelijau:
t = 0.964
[-303800,776500], 

bezier:
t = 0.964
[-303800,776500], 

----------------------------------------------------------------n = 2
de castelijau:
t = 0.898
[-942200,163800], 
[-901900,182300], 

bezier:
t = 0.898
[-942200,163800], 
[-901900,182300], 

----------------------------------------------------------------n = 3
de castelijau:
t = 0.963
[-469300,-53100], 
[-715600,-106900], 
[-617300,-763200], 

bezier:
t = 0.288
[-451700,-980600], 
[-808500,-897200], 
[64900,238800], 

----------------------------------------------------------------n = 4
de castelijau:
t = 0.946
[-261400,-129200], 
[-906800,12700], 
[-987300,-777500], 
[-130300,676600], 

bezier:
t = 0.992
[35600,-756600], 
[4300,-840900], 
[-964400,-534600], 
[69300,-509000], 

----------------------------------------------------------------n = 5
de castelijau:
t = 0.91
[372500,509600], 
[810900,891100], 
[-197100,936700], 
[-74400,-399600], 
[851700,-905200], 

bezier:
t = 0.91
[372500,509600], 
[810900,891100], 
[-197100,936700], 
[-74400,-399600], 
[851700,-905200], 

----------------------------------------------------------------n = 6
de castelijau:
t = 0.983
[158400,-958700], 
[-403000,-398200], 
[-73800,321900], 
[-614300,-588600], 
[983600,-7300], 
[174500,-837800], 

bezier:
t = 0.983
[158400,-958700], 
[-403000,-398200], 
[-73800,321900], 
[-614300,-588600], 
[983600,-7300], 
[174500,-837800], 

----------------------------------------------------------------n = 7
de castelijau:
t = 0.977
[-228100,-600100], 
[-623800,-913700], 
[-364900,-432100], 
[54300,-965400], 
[-192200,-987500], 
[-216500,61200], 
[-142900,-46600], 

bezier:
t = 0.977
[-228100,-600100], 
[-623800,-913700], 
[-364900,-432100], 
[54300,-965400], 
[-192200,-987500], 
[-216500,61200], 
[-142900,-46600], 

----------------------------------------------------------------n = 8
de castelijau:
t = 0.977
[-816000,817300], 
[-914100,940800], 
[-60100,699100], 
[-62700,233200], 
[-294900,-942100], 
[-742100,18200], 
[377000,-929400], 
[209600,798800], 

bezier:
t = 0.977
[-816000,817300], 
[-914100,940800], 
[-60100,699100], 
[-62700,233200], 
[-294900,-942100], 
[-742100,18200], 
[377000,-929400], 
[209600,798800], 

----------------------------------------------------------------n = 9
de castelijau:
t = 0.983
[-864200,-395100], 
[-695900,-180200], 
[-790300,579300], 
[271500,-760400], 
[-799300,-300800], 
[-451700,390800], 
[-215800,-386900], 
[-727900,-852700], 
[-604600,-452700], 

bezier:
t = 0.983
[-864200,-395100], 
[-695900,-180200], 
[-790300,579300], 
[271500,-760400], 
[-799300,-300800], 
[-451700,390800], 
[-215800,-386900], 
[-727900,-852700], 
[-604600,-452700], 

----------------------------------------------------------------n = 10
de castelijau:
t = 0.991
[842000,966700], 
[795400,590800], 
[52900,680900], 
[372500,-924200], 
[52200,578900], 
[-384800,111800], 
[-795100,-894200], 
[-349500,185000], 
[44900,63600], 
[715800,-663200], 

bezier:
t = 0.991
[842000,966700], 
[795400,590800], 
[52900,680900], 
[372500,-924200], 
[52200,578900], 
[-384800,111800], 
[-795100,-894200], 
[-349500,185000], 
[44900,63600], 
[715800,-663200], 

----------------------------------------------------------------n = 11
de castelijau:
t = 0.928
[-717700,-910800], 
[-407200,-575800], 
[751000,-638100], 
[-108600,106600], 
[504600,-566900], 
[-607100,-464900], 
[802600,-273300], 
[-800600,-15800], 
[185500,39700], 
[-655400,759600], 
[834300,23800], 

bezier:
t = 0.928
[-717700,-910800], 
[-407200,-575800], 
[751000,-638100], 
[-108600,106600], 
[504600,-566900], 
[-607100,-464900], 
[802600,-273300], 
[-800600,-15800], 
[185500,39700], 
[-655400,759600], 
[834300,23800], 

----------------------------------------------------------------n = 12
de castelijau:
t = 0.977
[-492800,-547900], 
[848800,41200], 
[215500,-854100], 
[-279700,-872200], 
[-190800,-919900], 
[325100,216000], 
[311200,-511600], 
[-539000,-625900], 
[195400,-471200], 
[487900,722500], 
[479600,-435100], 
[213100,-898400], 

bezier:
t = 0.977
[-492800,-547900], 
[848800,41200], 
[215500,-854100], 
[-279700,-872200], 
[-190800,-919900], 
[325100,216000], 
[311200,-511600], 
[-539000,-625900], 
[195400,-471200], 
[487900,722500], 
[479600,-435100], 
[213100,-898400], 

----------------------------------------------------------------n = 13
de castelijau:
t = 0.967
[987300,-951300], 
[324600,326200], 
[183300,-319600], 
[-171200,-815800], 
[193600,-366900], 
[-255400,-335900], 
[-957600,-732200], 
[-503700,331900], 
[194600,553700], 
[-658600,-270600], 
[-707100,-713700], 
[-981900,-924500], 
[-597100,83100], 

bezier:
t = 0.967
[987300,-951300], 
[324600,326200], 
[183300,-319600], 
[-171200,-815800], 
[193600,-366900], 
[-255400,-335900], 
[-957600,-732200], 
[-503700,331900], 
[194600,553700], 
[-658600,-270600], 
[-707100,-713700], 
[-981900,-924500], 
[-597100,83100], 

----------------------------------------------------------------n = 14
de castelijau:
t = 0.994
[-574600,-846100], 
[-989700,-857700], 
[-690900,-666500], 
[-805500,626000], 
[-927900,-968900], 
[-253400,6500], 
[-860600,631200], 
[4800,201000], 
[-355600,-50900], 
[744700,364100], 
[232800,-23000], 
[-646000,-950800], 
[-630800,668100], 
[-346000,-567500], 

bezier:
t = 0.994
[-574600,-846100], 
[-989700,-857700], 
[-690900,-666500], 
[-805500,626000], 
[-927900,-968900], 
[-253400,6500], 
[-860600,631200], 
[4800,201000], 
[-355600,-50900], 
[744700,364100], 
[232800,-23000], 
[-646000,-950800], 
[-630800,668100], 
[-346000,-567500], 

----------------------------------------------------------------n = 15
de castelijau:
t = 0.995
[-567400,-42200], 
[-798400,-350300], 
[598200,360100], 
[-800100,225900], 
[894400,140400], 
[133900,-754900], 
[352600,-144300], 
[-366000,-152900], 
[-264700,-623200], 
[-195800,38400], 
[-633400,-555500], 
[-865600,-487800], 
[-577000,79200], 
[-873600,-735000], 
[-846700,-775600], 

bezier:
t = 0.995
[-567400,-42200], 
[-798400,-350300], 
[598200,360100], 
[-800100,225900], 
[894400,140400], 
[133900,-754900], 
[352600,-144300], 
[-366000,-152900], 
[-264700,-623200], 
[-195800,38400], 
[-633400,-555500], 
[-865600,-487800], 
[-577000,79200], 
[-873600,-735000], 
[-846700,-775600], 

----------------------------------------------------------------n = 16
de castelijau:
t = 0.994
[-224400,-978400], 
[127000,-854700], 
[512600,-771300], 
[-881500,-884300], 
[-517200,-792700], 
[41800,-177000], 
[-555100,-645600], 
[-33300,-657500], 
[679900,6900], 
[233300,-401500], 
[-270100,-278100], 
[-82600,-302500], 
[-44000,353800], 
[263700,57900], 
[133700,-751500], 
[829700,261500], 

bezier:
t = 0.994
[-224400,-978400], 
[127000,-854700], 
[512600,-771300], 
[-881500,-884300], 
[-517200,-792700], 
[41800,-177000], 
[-555100,-645600], 
[-33300,-657500], 
[679900,6900], 
[233300,-401500], 
[-270100,-278100], 
[-82600,-302500], 
[-44000,353800], 
[263700,57900], 
[133700,-751500], 
[829700,261500], 

----------------------------------------------------------------n = 17
de castelijau:
t = 1
[-684200,46000], 
[262100,-843600], 
[301600,885000], 
[-942300,-82100], 
[-387800,-952800], 
[-646500,423700], 
[988800,-729900], 
[97800,-353100], 
[-48400,78600], 
[-458100,907000], 
[-678900,-196700], 
[-169100,-470400], 
[-97000,-556300], 
[35300,243900], 
[-718200,-536800], 
[580500,178800], 
[-568700,262300], 

bezier:
t = 1
[-684200,46000], 
[262100,-843600], 
[301600,885000], 
[-942300,-82100], 
[-387800,-952800], 
[-646500,423700], 
[988800,-729900], 
[97800,-353100], 
[-48400,78600], 
[-458100,907000], 
[-678900,-196700], 
[-169100,-470400], 
[-97000,-556300], 
[35300,243900], 
[-718200,-536800], 
[580500,178800], 
[-568700,262300], 

----------------------------------------------------------------n = 18
de castelijau:
t = 0.975
[-789900,-761100], 
[-616500,-827100], 
[-655500,-396600], 
[-37600,280100], 
[377100,829700], 
[-120500,167400], 
[-31200,-340200], 
[349200,-726700], 
[706900,-504300], 
[-515400,111000], 
[-376800,443700], 
[786100,190200], 
[7100,690700], 
[868300,501100], 
[150900,230200], 
[863200,842700], 
[-182600,698800], 
[-297500,-913000], 

bezier:
t = 0.975
[-789900,-761100], 
[-616500,-827100], 
[-655500,-396600], 
[-37600,280100], 
[377100,829700], 
[-120500,167400], 
[-31200,-340200], 
[349200,-726700], 
[706900,-504300], 
[-515400,111000], 
[-376800,443700], 
[786100,190200], 
[7100,690700], 
[868300,501100], 
[150900,230200], 
[863200,842700], 
[-182600,698800], 
[-297500,-913000], 

----------------------------------------------------------------n = 19
de castelijau:
t = 0.987
[-895100,-100900], 
[-649000,-707600], 
[-292500,882200], 
[278900,467000], 
[-631500,-448500], 
[-769400,-633300], 
[-157700,-704700], 
[788200,750300], 
[-297200,-643300], 
[-927100,-1700], 
[-790400,69400], 
[65200,-178700], 
[639100,-44700], 
[380600,-575200], 
[261900,137500], 
[-69800,617900], 
[-254700,-500100], 
[211900,-159600], 
[396600,-759500], 

bezier:
t = 0.987
[-895100,-100900], 
[-649000,-707600], 
[-292500,882200], 
[278900,467000], 
[-631500,-448500], 
[-769400,-633300], 
[-157700,-704700], 
[788200,750300], 
[-297200,-643300], 
[-927100,-1700], 
[-790400,69400], 
[65200,-178700], 
[639100,-44700], 
[380600,-575200], 
[261900,137500], 
[-69800,617900], 
[-254700,-500100], 
[211900,-159600], 
[396600,-759500], 

----------------------------------------------------------------n = 20
de castelijau:
t = 0.995
[-938800,-985300], 
[-788200,-974100], 
[272400,263800], 
[-868400,-844800], 
[-66200,-59000], 
[-484600,578500], 
[-991300,-862600], 
[-234900,-997700], 
[234500,982100], 
[-825200,52800], 
[-493700,-336400], 
[-552700,476900], 
[997200,504500], 
[773100,-751000], 
[995400,-846400], 
[-81500,951900], 
[-530800,238600], 
[104300,-342700], 
[-677700,394000], 
[9900,-19900], 

bezier:
t = 0.995
[-938800,-985300], 
[-788200,-974100], 
[272400,263800], 
[-868400,-844800], 
[-66200,-59000], 
[-484600,578500], 
[-991300,-862600], 
[-234900,-997700], 
[234500,982100], 
[-825200,52800], 
[-493700,-336400], 
[-552700,476900], 
[997200,504500], 
[773100,-751000], 
[995400,-846400], 
[-81500,951900], 
[-530800,238600], 
[104300,-342700], 
[-677700,394000], 
[9900,-19900], 

----------------------------------------------------------------