n = 1
de castelijau:
t = 0.829
[-88.88,-55.34], 

bezier:
t = 0.829
[-88.88,-55.34], 

----------------------------------------------------------------n = 2
de castelijau:
t = 0.992
[-68.51,-81.01], 
[10.07,-46.82], 

bezier:
t = 0.992
[-68.51,-81.01], 
[10.07,-46.82], 

----------------------------------------------------------------n = 3
de castelijau:
t = 0.982
[-28,95.18], 
[11.88,-28.53], 
[81.81,-28.79], 

bezier:
t = 0.973
[-97.39,-25.83], 
[-87.87,-83.97], 
[-16.73,-66.95], 

----------------------------------------------------------------n = 4
de castelijau:
t = 0.99
[18.74,88.09], 
[-79.34,53.67], 
[-12.44,75.58], 
[-60.89,84.45], 

bezier:
t = 0.99
[18.74,88.09], 
[-79.34,53.67], 
[-12.44,75.58], 
[-60.89,84.45], 

----------------------------------------------------------------n = 5
de castelijau:
t = 0.994
[89.47,98.87], 
[81.24,-30.53], 
[89.15,52.65], 
[3.75,-42.38], 
[-68.43,-49.13], 

bezier:
t = 0.994
[89.47,98.87], 
[81.24,-30.53], 
[89.15,52.65], 
[3.75,-42.38], 
[-68.43,-49.13], 

----------------------------------------------------------------n = 6
de castelijau:
t = 0.991
[84.39,-25.48], 
[19.64,-32.44], 
[58.85,74.16], 
[-18.06,-98.09], 
[-43.87,27.15], 
[78.39,-38.66], 

bezier:
t = 0.991
[84.39,-25.48], 
[19.64,-32.44], 
[58.85,74.16], 
[-18.06,-98.09], 
[-43.87,27.15], 
[78.39,-38.66], 

----------------------------------------------------------------n = 7
de castelijau:
t = 0.991
[79.63,-91.58], 
[22.88,47.09], 
[14.63,-1.04], 
[-86.14,-18.61], 
[-39.78,5.98], 
[-50.96,-42.87], 
[22.39,-22.63], 

bezier:
t = 0.991
[79.63,-91.58], 
[22.88,47.09], 
[14.63,-1.04], 
[-86.14,-18.61], 
[-39.78,5.98], 
[-50.96,-42.87], 
[22.39,-22.63], 

----------------------------------------------------------------n = 8
de castelijau:
t = 0.977
[-81.6,81.73], 
[-91.41,94.08], 
[-6.01,69.91], 
[-6.27,23.32], 
[-29.49,-94.21], 
[-74.21,1.82], 
[37.7,-92.94], 
[20.96,79.88], 

bezier:
t = 0.977
[-81.6,81.73], 
[-91.41,94.08], 
[-6.01,69.91], 
[-6.27,23.32], 
[-29.49,-94.21], 
[-74.21,1.82], 
[37.7,-92.94], 
[20.96,79.88], 

----------------------------------------------------------------n = 9
de castelijau:
t = 0.995
[-88.76,-49.9], 
[-22.69,-87.51], 
[58.84,-74.72], 
[-97.44,83.02], 
[20.86,-72.2], 
[71.25,-9.9], 
[47.31,-57.91], 
[99.35,-21.94], 
[-44.08,-1.29], 

bezier:
t = 0.995
[-88.76,-49.9], 
[-22.69,-87.51], 
[58.84,-74.72], 
[-97.44,83.02], 
[20.86,-72.2], 
[71.25,-9.9], 
[47.31,-57.91], 
[99.35,-21.94], 
[-44.08,-1.29], 

----------------------------------------------------------------n = 10
de castelijau:
t = 0.991
[84.2,96.67], 
[79.54,59.08], 
[5.29,68.09], 
[37.25,-92.42], 
[5.22,57.89], 
[-38.48,11.18], 
[-79.51,-89.42], 
[-34.95,18.5], 
[4.49,6.36], 
[71.58,-66.32], 

bezier:
t = 0.991
[84.2,96.67], 
[79.54,59.08], 
[5.29,68.09], 
[37.25,-92.42], 
[5.22,57.89], 
[-38.48,11.18], 
[-79.51,-89.42], 
[-34.95,18.5], 
[4.49,6.36], 
[71.58,-66.32], 

----------------------------------------------------------------n = 11
de castelijau:
t = 0.982
[-89.36,21.36], 
[-72.39,-75.78], 
[26.55,87.65], 
[-20.75,-59.62], 
[-68.94,-62.18], 
[35.48,2.34], 
[-65.49,-7.56], 
[71.58,-52.06], 
[-25.24,-84.47], 
[-11.93,50.83], 
[-54.15,-19.71], 

bezier:
t = 0.982
[-89.36,21.36], 
[-72.39,-75.78], 
[26.55,87.65], 
[-20.75,-59.62], 
[-68.94,-62.18], 
[35.48,2.34], 
[-65.49,-7.56], 
[71.58,-52.06], 
[-25.24,-84.47], 
[-11.93,50.83], 
[-54.15,-19.71], 

----------------------------------------------------------------n = 12
de castelijau:
t = 0.985
[13.03,-91.02], 
[-78.94,-74.58], 
[-92.59,-40.37], 
[64.52,-39.38], 
[-37.54,-82.94], 
[-31.6,20.82], 
[7.92,-53.92], 
[-30.42,-22], 
[-52.06,5.64], 
[-93.25,14.23], 
[33.58,-76.62], 
[-13.37,-97.84], 

bezier:
t = 0.985
[13.03,-91.02], 
[-78.94,-74.58], 
[-92.59,-40.37], 
[64.52,-39.38], 
[-37.54,-82.94], 
[-31.6,20.82], 
[7.92,-53.92], 
[-30.42,-22], 
[-52.06,5.64], 
[-93.25,14.23], 
[33.58,-76.62], 
[-13.37,-97.84], 

----------------------------------------------------------------n = 13
de castelijau:
t = 0.992
[88.82,95.67], 
[78.93,-69.63], 
[98.28,-58.39], 
[10.04,67.23], 
[-67.26,-80.21], 
[-2.22,-36.22], 
[-15.95,-68.93], 
[2.06,-83.5], 
[-6.24,51.4], 
[-75.11,6.35], 
[-18.59,-9.69], 
[-9.26,-75.73], 
[-20.89,-74.12], 

bezier:
t = 0.992
[88.82,95.67], 
[78.93,-69.63], 
[98.28,-58.39], 
[10.04,67.23], 
[-67.26,-80.21], 
[-2.22,-36.22], 
[-15.95,-68.93], 
[2.06,-83.5], 
[-6.24,51.4], 
[-75.11,6.35], 
[-18.59,-9.69], 
[-9.26,-75.73], 
[-20.89,-74.12], 

----------------------------------------------------------------n = 14
de castelijau:
t = 0.951
[-82.55,57.06], 
[-69,92.88], 
[-97.94,-39.25], 
[88.36,54.11], 
[83.51,-86.9], 
[-96.87,70.22], 
[0.39,-45.14], 
[64.31,68.39], 
[-91.9,-44.19], 
[-19.89,15.7], 
[38.35,19.74], 
[89.31,-26.73], 
[-28.58,-61.64], 
[21.1,16.96], 

bezier:
t = 0.951
[-82.55,57.06], 
[-69,92.88], 
[-97.94,-39.25], 
[88.36,54.11], 
[83.51,-86.9], 
[-96.87,70.22], 
[0.39,-45.14], 
[64.31,68.39], 
[-91.9,-44.19], 
[-19.89,15.7], 
[38.35,19.74], 
[89.31,-26.73], 
[-28.58,-61.64], 
[21.1,16.96], 

----------------------------------------------------------------n = 15
de castelijau:
t = 0.981
[-52.34,79.77], 
[-53.41,-42.29], 
[92.94,46.02], 
[-85.09,53.22], 
[-21.21,0.9], 
[40.95,-53.76], 
[96.96,52.52], 
[87,20.08], 
[72.06,-11.48], 
[-3.17,-44.99], 
[-94.9,-87.67], 
[-95.2,-17.66], 
[-88.17,-1.28], 
[-22.04,-75.48], 
[-71.52,94.13], 

bezier:
t = 0.981
[-52.34,79.77], 
[-53.41,-42.29], 
[92.94,46.02], 
[-85.09,53.22], 
[-21.21,0.9], 
[40.95,-53.76], 
[96.96,52.52], 
[87,20.08], 
[72.06,-11.48], 
[-3.17,-44.99], 
[-94.9,-87.67], 
[-95.2,-17.66], 
[-88.17,-1.28], 
[-22.04,-75.48], 
[-71.52,94.13], 

----------------------------------------------------------------n = 16
de castelijau:
t = 0.994
[-22.44,-97.84], 
[12.7,-85.47], 
[51.26,-77.13], 
[-88.15,-88.43], 
[-51.72,-79.27], 
[4.18,-17.7], 
[-55.51,-64.56], 
[-3.33,-65.75], 
[67.99,0.69], 
[23.33,-40.15], 
[-27.01,-27.81], 
[-8.26,-30.25], 
[-4.4,35.38], 
[26.37,5.79], 
[13.37,-75.15], 
[82.97,26.15], 

bezier:
t = 0.994
[-22.44,-97.84], 
[12.7,-85.47], 
[51.26,-77.13], 
[-88.15,-88.43], 
[-51.72,-79.27], 
[4.18,-17.7], 
[-55.51,-64.56], 
[-3.33,-65.75], 
[67.99,0.69], 
[23.33,-40.15], 
[-27.01,-27.81], 
[-8.26,-30.25], 
[-4.4,35.38], 
[26.37,5.79], 
[13.37,-75.15], 
[82.97,26.15], 

----------------------------------------------------------------n = 17
de castelijau:
t = 0.994
[-83.49,-85.23], 
[19.08,17.98], 
[82.18,-7.58], 
[-84.26,-20.97], 
[-65.02,-88.02], 
[95.21,92.68], 
[42.65,37.73], 
[26.5,-63.29], 
[72.32,-90.89], 
[15.23,-69.23], 
[-59.09,-43.6], 
[25.56,15.47], 
[-91.92,-62.93], 
[-94.61,20.04], 
[80.11,-81.57], 
[-73.6,-29.65], 
[-43.36,-47.33], 

bezier:
t = 0.994
[-83.49,-85.23], 
[19.08,17.98], 
[82.18,-7.58], 
[-84.26,-20.97], 
[-65.02,-88.02], 
[95.21,92.68], 
[42.65,37.73], 
[26.5,-63.29], 
[72.32,-90.89], 
[15.23,-69.23], 
[-59.09,-43.6], 
[25.56,15.47], 
[-91.92,-62.93], 
[-94.61,20.04], 
[80.11,-81.57], 
[-73.6,-29.65], 
[-43.36,-47.33], 

----------------------------------------------------------------n = 18
de castelijau:
t = 0.993
[-95.35,-97.07], 
[-68.64,4.86], 
[-98.96,-76.21], 
[7.82,4.07], 
[-98.16,-32.61], 
[-18.75,31.9], 
[46.99,-71.04], 
[73.94,78.29], 
[-69.34,8.41], 
[-93.22,-34.55], 
[80,2.52], 
[-13.08,-50.15], 
[11.49,16.99], 
[-38.46,-34.86], 
[-22.86,-5.53], 
[70.42,26.99], 
[24.89,27.54], 
[90.63,-43.06], 

bezier:
t = 0.993
[-95.35,-97.07], 
[-68.64,4.86], 
[-98.96,-76.21], 
[7.82,4.07], 
[-98.16,-32.61], 
[-18.75,31.9], 
[46.99,-71.04], 
[73.94,78.29], 
[-69.34,8.41], 
[-93.22,-34.55], 
[80,2.52], 
[-13.08,-50.15], 
[11.49,16.99], 
[-38.46,-34.86], 
[-22.86,-5.53], 
[70.42,26.99], 
[24.89,27.54], 
[90.63,-43.06], 

----------------------------------------------------------------n = 19
de castelijau:
t = 0.983
[22.13,-97.57], 
[-95.05,39.62], 
[23.19,-92.22], 
[41.38,-58.98], 
[-10.75,-29.42], 
[-85.81,-42.36], 
[-9.16,39.23], 
[-50.77,26.65], 
[4.51,56.15], 
[58.46,17.7], 
[-87.08,-65.56], 
[-55.3,-67.77], 
[1.26,-68.87], 
[24.88,-97.65], 
[37.5,-80.61], 
[-20.17,-77.45], 
[-96.48,-42.33], 
[94.44,6.77], 
[-96.98,2.61], 

bezier:
t = 0.983
[22.13,-97.57], 
[-95.05,39.62], 
[23.19,-92.22], 
[41.38,-58.98], 
[-10.75,-29.42], 
[-85.81,-42.36], 
[-9.16,39.23], 
[-50.77,26.65], 
[4.51,56.15], 
[58.46,17.7], 
[-87.08,-65.56], 
[-55.3,-67.77], 
[1.26,-68.87], 
[24.88,-97.65], 
[37.5,-80.61], 
[-20.17,-77.45], 
[-96.48,-42.33], 
[94.44,6.77], 
[-96.98,2.61], 

----------------------------------------------------------------n = 20
de castelijau:
t = 0.973
[-55.17,72.67], 
[-4.13,-11.16], 
[-17.49,-27], 
[-76.44,19.46], 
[-66.89,-95.15], 
[-66.76,-8.85], 
[-41.99,13.37], 
[31.46,92.34], 
[18.86,-20.14], 
[18,-30.97], 
[-54.24,-86.49], 
[19.9,-87.45], 
[66.48,15.54], 
[-7.01,68.43], 
[-96.62,-75.28], 
[17.9,-10.86], 
[-54.31,-98.41], 
[-52.21,93.6], 
[-0.76,-73.82], 
[56.4,-31.57], 

bezier:
t = 0.973
[-55.17,72.67], 
[-4.13,-11.16], 
[-17.49,-27], 
[-76.44,19.46], 
[-66.89,-95.15], 
[-66.76,-8.85], 
[-41.99,13.37], 
[31.46,92.34], 
[18.86,-20.14], 
[18,-30.97], 
[-54.24,-86.49], 
[19.9,-87.45], 
[66.48,15.54], 
[-7.01,68.43], 
[-96.62,-75.28], 
[17.9,-10.86], 
[-54.31,-98.41], 
[-52.21,93.6], 
[-0.76,-73.82], 
[56.4,-31.57], 

----------------------------------------------------------------