n = 1
de castelijau:
t = 0.226
[-8.621e-007,-9.492e-007], 

bezier:
t = 0.226
[-8.621e-007,-9.492e-007], 

----------------------------------------------------------------n = 2
de castelijau:
t = 0.992
[-6.851e-007,-8.101e-007], 
[1.007e-007,-4.682e-007], 

bezier:
t = 0.803
[-7.892e-007,-6.78e-007], 
[-7.18e-007,-7.921e-007], 

----------------------------------------------------------------n = 3
de castelijau:
t = 1
[6.403e-007,-3.058e-007], 
[6.301e-007,-7.155e-007], 
[2.003e-007,-6.197e-007], 

bezier:
t = 1
[6.403e-007,-3.058e-007], 
[6.301e-007,-7.155e-007], 
[2.003e-007,-6.197e-007], 

----------------------------------------------------------------n = 4
de castelijau:
t = 0.887
[-9.04e-007,-2.633e-007], 
[-3.3e-007,-6.585e-007], 
[-4.122e-007,2.336e-007], 
[-1.032e-007,1.394e-007], 

bezier:
t = 0.887
[-9.04e-007,-2.633e-007], 
[-3.3e-007,-6.585e-007], 
[-4.122e-007,2.336e-007], 
[-1.032e-007,1.394e-007], 

----------------------------------------------------------------n = 5
de castelijau:
t = 0.99
[5.687e-007,-8.298e-007], 
[-3.195e-007,-6.653e-007], 
[-1.478e-007,-6.712e-007], 
[-9.165e-007,1.962e-007], 
[-9.147e-007,7.911e-007], 

bezier:
t = 0.99
[5.687e-007,-8.298e-007], 
[-3.195e-007,-6.653e-007], 
[-1.478e-007,-6.712e-007], 
[-9.165e-007,1.962e-007], 
[-9.147e-007,7.911e-007], 

----------------------------------------------------------------n = 6
de castelijau:
t = 0.936
[-3.488e-007,-9.695e-007], 
[-7.065e-007,-4.38e-008], 
[7.338e-007,-8.56e-008], 
[-8.941e-007,-7.222e-007], 
[-8.509e-007,-1.005e-007], 
[-2.106e-007,6.966e-007], 

bezier:
t = 0.936
[-3.488e-007,-9.695e-007], 
[-7.065e-007,-4.38e-008], 
[7.338e-007,-8.56e-008], 
[-8.941e-007,-7.222e-007], 
[-8.509e-007,-1.005e-007], 
[-2.106e-007,6.966e-007], 

----------------------------------------------------------------n = 7
de castelijau:
t = 0.919
[3.243e-007,-8.867e-007], 
[3.267e-007,8.08e-008], 
[5.898e-007,-6.875e-007], 
[6.66e-008,-3.402e-007], 
[-5.311e-007,2.4e-009], 
[-5.57e-007,5.27e-007], 
[-2.949e-007,-8.705e-007], 

bezier:
t = 0.919
[3.243e-007,-8.867e-007], 
[3.267e-007,8.08e-008], 
[5.898e-007,-6.875e-007], 
[6.66e-008,-3.402e-007], 
[-5.311e-007,2.4e-009], 
[-5.57e-007,5.27e-007], 
[-2.949e-007,-8.705e-007], 

----------------------------------------------------------------n = 8
de castelijau:
t = 0.91
[-8.394e-007,-2.532e-007], 
[-3.867e-007,-8.89e-007], 
[2.81e-008,7.924e-007], 
[-9.664e-007,1.681e-007], 
[-8.309e-007,4.838e-007], 
[-2.607e-007,-8.727e-007], 
[-9.087e-007,6.09e-008], 
[-9.351e-007,-4.324e-007], 

bezier:
t = 0.91
[-8.394e-007,-2.532e-007], 
[-3.867e-007,-8.89e-007], 
[2.81e-008,7.924e-007], 
[-9.664e-007,1.681e-007], 
[-8.309e-007,4.838e-007], 
[-2.607e-007,-8.727e-007], 
[-9.087e-007,6.09e-008], 
[-9.351e-007,-4.324e-007], 

----------------------------------------------------------------n = 9
de castelijau:
t = 0.957
[-5.542e-007,8.666e-007], 
[5.701e-007,4.206e-007], 
[-7.391e-007,4.397e-007], 
[6.031e-007,2.573e-007], 
[-4.618e-007,-1.51e-007], 
[-7.302e-007,-8.561e-007], 
[-6.668e-007,-9.308e-007], 
[-2.896e-007,-8.298e-007], 
[3.384e-007,-1.564e-007], 

bezier:
t = 0.957
[-5.542e-007,8.666e-007], 
[5.701e-007,4.206e-007], 
[-7.391e-007,4.397e-007], 
[6.031e-007,2.573e-007], 
[-4.618e-007,-1.51e-007], 
[-7.302e-007,-8.561e-007], 
[-6.668e-007,-9.308e-007], 
[-2.896e-007,-8.298e-007], 
[3.384e-007,-1.564e-007], 

----------------------------------------------------------------n = 10
de castelijau:
t = 0.991
[8.42e-007,9.667e-007], 
[7.954e-007,5.908e-007], 
[5.29e-008,6.809e-007], 
[3.725e-007,-9.242e-007], 
[5.22e-008,5.789e-007], 
[-3.848e-007,1.118e-007], 
[-7.951e-007,-8.942e-007], 
[-3.495e-007,1.85e-007], 
[4.49e-008,6.36e-008], 
[7.158e-007,-6.632e-007], 

bezier:
t = 0.991
[8.42e-007,9.667e-007], 
[7.954e-007,5.908e-007], 
[5.29e-008,6.809e-007], 
[3.725e-007,-9.242e-007], 
[5.22e-008,5.789e-007], 
[-3.848e-007,1.118e-007], 
[-7.951e-007,-8.942e-007], 
[-3.495e-007,1.85e-007], 
[4.49e-008,6.36e-008], 
[7.158e-007,-6.632e-007], 

----------------------------------------------------------------n = 11
de castelijau:
t = 0.982
[-8.936e-007,2.136e-007], 
[-7.239e-007,-7.578e-007], 
[2.655e-007,8.765e-007], 
[-2.075e-007,-5.962e-007], 
[-6.894e-007,-6.218e-007], 
[3.548e-007,2.34e-008], 
[-6.549e-007,-7.56e-008], 
[7.158e-007,-5.206e-007], 
[-2.524e-007,-8.447e-007], 
[-1.193e-007,5.083e-007], 
[-5.415e-007,-1.971e-007], 

bezier:
t = 0.982
[-8.936e-007,2.136e-007], 
[-7.239e-007,-7.578e-007], 
[2.655e-007,8.765e-007], 
[-2.075e-007,-5.962e-007], 
[-6.894e-007,-6.218e-007], 
[3.548e-007,2.34e-008], 
[-6.549e-007,-7.56e-008], 
[7.158e-007,-5.206e-007], 
[-2.524e-007,-8.447e-007], 
[-1.193e-007,5.083e-007], 
[-5.415e-007,-1.971e-007], 

----------------------------------------------------------------n = 12
de castelijau:
t = 0.968
[-7.526e-007,-7.314e-007], 
[-9.405e-007,3.451e-007], 
[8.29e-008,-9.15e-008], 
[3.94e-008,-8.184e-007], 
[-5.414e-007,2.286e-007], 
[-7.845e-007,-2.106e-007], 
[-4.511e-007,8.27e-007], 
[-3.82e-008,-6.707e-007], 
[3.62e-007,3.753e-007], 
[9.197e-007,1.849e-007], 
[3.155e-007,-5.924e-007], 
[-6.824e-007,-6.101e-007], 

bezier:
t = 0.968
[-7.526e-007,-7.314e-007], 
[-9.405e-007,3.451e-007], 
[8.29e-008,-9.15e-008], 
[3.94e-008,-8.184e-007], 
[-5.414e-007,2.286e-007], 
[-7.845e-007,-2.106e-007], 
[-4.511e-007,8.27e-007], 
[-3.82e-008,-6.707e-007], 
[3.62e-007,3.753e-007], 
[9.197e-007,1.849e-007], 
[3.155e-007,-5.924e-007], 
[-6.824e-007,-6.101e-007], 

----------------------------------------------------------------n = 13
de castelijau:
t = 0.986
[-9.561e-007,9.523e-007], 
[2.667e-007,-5.69e-008], 
[-3.061e-007,-6.264e-007], 
[-3.446e-007,-2.495e-007], 
[-3.846e-007,8.046e-007], 
[9.919e-007,-2.62e-008], 
[-2.193e-007,-1.976e-007], 
[-7.77e-007,-4.475e-007], 
[-2.07e-007,-1.562e-007], 
[3.587e-007,-6.706e-007], 
[-1.929e-007,-7.948e-007], 
[-1.221e-007,-7.601e-007], 
[-5.267e-007,3.11e-008], 

bezier:
t = 0.986
[-9.561e-007,9.523e-007], 
[2.667e-007,-5.69e-008], 
[-3.061e-007,-6.264e-007], 
[-3.446e-007,-2.495e-007], 
[-3.846e-007,8.046e-007], 
[9.919e-007,-2.62e-008], 
[-2.193e-007,-1.976e-007], 
[-7.77e-007,-4.475e-007], 
[-2.07e-007,-1.562e-007], 
[3.587e-007,-6.706e-007], 
[-1.929e-007,-7.948e-007], 
[-1.221e-007,-7.601e-007], 
[-5.267e-007,3.11e-008], 

----------------------------------------------------------------n = 14
de castelijau:
t = 0.982
[9.121e-007,-7.263e-007], 
[-8.925e-007,-9.352e-007], 
[7.008e-007,-6.16e-007], 
[-6.959e-007,2.27e-008], 
[1.797e-007,-8.816e-007], 
[-2.68e-007,-9.703e-007], 
[-1.59e-007,-5.347e-007], 
[2.212e-007,-7.043e-007], 
[-6.177e-007,-1.153e-007], 
[-9.4e-009,-5.47e-007], 
[-6.632e-007,5.702e-007], 
[2.073e-007,-4.559e-007], 
[4.579e-007,-3.93e-008], 
[-7.346e-007,-8.109e-007], 

bezier:
t = 0.982
[9.121e-007,-7.263e-007], 
[-8.925e-007,-9.352e-007], 
[7.008e-007,-6.16e-007], 
[-6.959e-007,2.27e-008], 
[1.797e-007,-8.816e-007], 
[-2.68e-007,-9.703e-007], 
[-1.59e-007,-5.347e-007], 
[2.212e-007,-7.043e-007], 
[-6.177e-007,-1.153e-007], 
[-9.4e-009,-5.47e-007], 
[-6.632e-007,5.702e-007], 
[2.073e-007,-4.559e-007], 
[4.579e-007,-3.93e-008], 
[-7.346e-007,-8.109e-007], 

----------------------------------------------------------------n = 15
de castelijau:
t = 0.952
[-7.49e-007,-7.148e-007], 
[-4.735e-007,4.467e-007], 
[-4.861e-007,-8.742e-007], 
[1e-009,-2.15e-008], 
[-2.256e-007,-1.571e-007], 
[8.573e-007,3.486e-007], 
[-1.619e-007,9.273e-007], 
[6.648e-007,1.477e-007], 
[-8.185e-007,-8.847e-007], 
[-8.165e-007,2.101e-007], 
[-8.905e-007,-9.491e-007], 
[-6.31e-008,-3.72e-008], 
[-9.273e-007,5.279e-007], 
[-7.022e-007,-4.014e-007], 
[-6.127e-007,-1.532e-007], 

bezier:
t = 0.952
[-7.49e-007,-7.148e-007], 
[-4.735e-007,4.467e-007], 
[-4.861e-007,-8.742e-007], 
[1e-009,-2.15e-008], 
[-2.256e-007,-1.571e-007], 
[8.573e-007,3.486e-007], 
[-1.619e-007,9.273e-007], 
[6.648e-007,1.477e-007], 
[-8.185e-007,-8.847e-007], 
[-8.165e-007,2.101e-007], 
[-8.905e-007,-9.491e-007], 
[-6.31e-008,-3.72e-008], 
[-9.273e-007,5.279e-007], 
[-7.022e-007,-4.014e-007], 
[-6.127e-007,-1.532e-007], 

----------------------------------------------------------------n = 16
de castelijau:
t = 0.981
[9.951e-007,9.297e-007], 
[1.141e-007,3.307e-007], 
[9.138e-007,3.707e-007], 
[-1.44e-008,7.314e-007], 
[-9.411e-007,-1.582e-007], 
[-1.638e-007,-6.711e-007], 
[-7.72e-007,-7.608e-007], 
[8.139e-007,5.31e-007], 
[-7.804e-007,-8.96e-007], 
[-6.198e-007,-9.4e-007], 
[-7.989e-007,-5.199e-007], 
[2.085e-007,-9.46e-008], 
[-3.38e-008,-1.689e-007], 
[-5.594e-007,-3.803e-007], 
[-5.893e-007,1.257e-007], 
[-2.045e-007,1.913e-007], 

bezier:
t = 0.981
[9.951e-007,9.297e-007], 
[1.141e-007,3.307e-007], 
[9.138e-007,3.707e-007], 
[-1.44e-008,7.314e-007], 
[-9.411e-007,-1.582e-007], 
[-1.638e-007,-6.711e-007], 
[-7.72e-007,-7.608e-007], 
[8.139e-007,5.31e-007], 
[-7.804e-007,-8.96e-007], 
[-6.198e-007,-9.4e-007], 
[-7.989e-007,-5.199e-007], 
[2.085e-007,-9.46e-008], 
[-3.38e-008,-1.689e-007], 
[-5.594e-007,-3.803e-007], 
[-5.893e-007,1.257e-007], 
[-2.045e-007,1.913e-007], 

----------------------------------------------------------------n = 17
de castelijau:
t = 0.95
[-7.748e-007,-7.189e-007], 
[-9.472e-007,-9.938e-007], 
[-8.332e-007,-1.986e-007], 
[-4.135e-007,-6.073e-007], 
[-3.435e-007,1.262e-007], 
[-6.492e-007,-3.919e-007], 
[2.038e-007,-6.8e-007], 
[-9.67e-007,-7.951e-007], 
[9.81e-008,1.238e-007], 
[2.628e-007,7.35e-007], 
[2.747e-007,-6.158e-007], 
[4.585e-007,-5.917e-007], 
[2.596e-007,5.214e-007], 
[-6.04e-008,8.15e-008], 
[8.709e-007,7.286e-007], 
[-2.634e-007,-6.16e-007], 
[5.48e-008,-4.246e-007], 

bezier:
t = 0.95
[-7.748e-007,-7.189e-007], 
[-9.472e-007,-9.938e-007], 
[-8.332e-007,-1.986e-007], 
[-4.135e-007,-6.073e-007], 
[-3.435e-007,1.262e-007], 
[-6.492e-007,-3.919e-007], 
[2.038e-007,-6.8e-007], 
[-9.67e-007,-7.951e-007], 
[9.81e-008,1.238e-007], 
[2.628e-007,7.35e-007], 
[2.747e-007,-6.158e-007], 
[4.585e-007,-5.917e-007], 
[2.596e-007,5.214e-007], 
[-6.04e-008,8.15e-008], 
[8.709e-007,7.286e-007], 
[-2.634e-007,-6.16e-007], 
[5.48e-008,-4.246e-007], 

----------------------------------------------------------------n = 18
de castelijau:
t = 0.995
[1.438e-007,-4.779e-007], 
[6.653e-007,-8.752e-007], 
[1.199e-007,2.103e-007], 
[-1.96e-007,4.74e-008], 
[1.502e-007,3.266e-007], 
[8.602e-007,-4.393e-007], 
[6.617e-007,5.7e-009], 
[-1.984e-007,-6.109e-007], 
[-2.53e-007,8.77e-008], 
[5.611e-007,5.85e-008], 
[-6.952e-007,3.005e-007], 
[6.835e-007,4.69e-007], 
[-4.189e-007,-6.156e-007], 
[1.725e-007,-8.935e-007], 
[-6.929e-007,8.88e-008], 
[1.007e-007,4.84e-008], 
[7.8e-009,-2.17e-007], 
[-6.013e-007,2.576e-007], 

bezier:
t = 0.995
[1.438e-007,-4.779e-007], 
[6.653e-007,-8.752e-007], 
[1.199e-007,2.103e-007], 
[-1.96e-007,4.74e-008], 
[1.502e-007,3.266e-007], 
[8.602e-007,-4.393e-007], 
[6.617e-007,5.7e-009], 
[-1.984e-007,-6.109e-007], 
[-2.53e-007,8.77e-008], 
[5.611e-007,5.85e-008], 
[-6.952e-007,3.005e-007], 
[6.835e-007,4.69e-007], 
[-4.189e-007,-6.156e-007], 
[1.725e-007,-8.935e-007], 
[-6.929e-007,8.88e-008], 
[1.007e-007,4.84e-008], 
[7.8e-009,-2.17e-007], 
[-6.013e-007,2.576e-007], 

----------------------------------------------------------------n = 19
de castelijau:
t = 0.988
[-8.918e-007,-5.204e-007], 
[-3.668e-007,-5.647e-007], 
[5.112e-007,2.581e-007], 
[-2.977e-007,-8.079e-007], 
[-9.069e-007,-7.053e-007], 
[-8.182e-007,-5.073e-007], 
[8.314e-007,-2.428e-007], 
[8.659e-007,-2.321e-007], 
[9.099e-007,-1.45e-007], 
[3.535e-007,4.78e-008], 
[-2.022e-007,5.41e-008], 
[-7.169e-007,-4.793e-007], 
[2.377e-007,3.59e-008], 
[2.271e-007,-6.998e-007], 
[1.62e-007,8.427e-007], 
[-3.139e-007,-8.497e-007], 
[-8.18e-007,3.979e-007], 
[-5.721e-007,-9.931e-007], 
[-5.017e-007,-7.2e-008], 

bezier:
t = 0.988
[-8.918e-007,-5.204e-007], 
[-3.668e-007,-5.647e-007], 
[5.112e-007,2.581e-007], 
[-2.977e-007,-8.079e-007], 
[-9.069e-007,-7.053e-007], 
[-8.182e-007,-5.073e-007], 
[8.314e-007,-2.428e-007], 
[8.659e-007,-2.321e-007], 
[9.099e-007,-1.45e-007], 
[3.535e-007,4.78e-008], 
[-2.022e-007,5.41e-008], 
[-7.169e-007,-4.793e-007], 
[2.377e-007,3.59e-008], 
[2.271e-007,-6.998e-007], 
[1.62e-007,8.427e-007], 
[-3.139e-007,-8.497e-007], 
[-8.18e-007,3.979e-007], 
[-5.721e-007,-9.931e-007], 
[-5.017e-007,-7.2e-008], 

----------------------------------------------------------------n = 20
de castelijau:
t = 0.995
[-9.388e-007,-9.853e-007], 
[-7.882e-007,-9.741e-007], 
[2.724e-007,2.638e-007], 
[-8.684e-007,-8.448e-007], 
[-6.62e-008,-5.9e-008], 
[-4.846e-007,5.785e-007], 
[-9.913e-007,-8.626e-007], 
[-2.349e-007,-9.977e-007], 
[2.345e-007,9.821e-007], 
[-8.252e-007,5.28e-008], 
[-4.937e-007,-3.364e-007], 
[-5.527e-007,4.769e-007], 
[9.972e-007,5.045e-007], 
[7.731e-007,-7.51e-007], 
[9.954e-007,-8.464e-007], 
[-8.15e-008,9.519e-007], 
[-5.308e-007,2.386e-007], 
[1.043e-007,-3.427e-007], 
[-6.777e-007,3.94e-007], 
[9.9e-009,-1.99e-008], 

bezier:
t = 0.995
[-9.388e-007,-9.853e-007], 
[-7.882e-007,-9.741e-007], 
[2.724e-007,2.638e-007], 
[-8.684e-007,-8.448e-007], 
[-6.62e-008,-5.9e-008], 
[-4.846e-007,5.785e-007], 
[-9.913e-007,-8.626e-007], 
[-2.349e-007,-9.977e-007], 
[2.345e-007,9.821e-007], 
[-8.252e-007,5.28e-008], 
[-4.937e-007,-3.364e-007], 
[-5.527e-007,4.769e-007], 
[9.972e-007,5.045e-007], 
[7.731e-007,-7.51e-007], 
[9.954e-007,-8.464e-007], 
[-8.15e-008,9.519e-007], 
[-5.308e-007,2.386e-007], 
[1.043e-007,-3.427e-007], 
[-6.777e-007,3.94e-007], 
[9.9e-009,-1.99e-008], 

----------------------------------------------------------------