n = 1
de castelijau:
t = 0.6542
[-660.5,802.6], 

polynomial:
t = 0.7466
[-379.1,-801.4], 

----------------------------------------------------------------n = 2
de castelijau:
t = 0.3806
[-633.5,-690.8], 
[-811.8,-595.2], 

polynomial:
t = 0.782
[567,671.2], 
[-912.1,252.6], 

----------------------------------------------------------------n = 3
de castelijau:
t = 0.4586
[594.7,-916.5], 
[923.3,-381.9], 
[854,-127.6], 

polynomial:
t = 0.6614
[-971.4,285.5], 
[880.9,-1.5], 
[166.8,-129.3], 

----------------------------------------------------------------n = 4
de castelijau:
t = 0.275
[-693.7,-357.9], 
[-445.4,-976.2], 
[352.4,-250.9], 
[340.6,53.1], 

polynomial:
t = 0.7676
[-513.8,678], 
[-534.6,-745.1], 
[456.4,256.7], 
[-127,-848.5], 

----------------------------------------------------------------n = 5
de castelijau:
t = 0.665
[616.9,-151.1], 
[-259.2,102.5], 
[-415.1,-921.8], 
[-344,-890.2], 
[467.7,136.8], 

polynomial:
t = 0.7628
[-312.7,-214], 
[316.4,-857.1], 
[909.7,734.5], 
[-961.9,-431.6], 
[-866.2,506.8], 

----------------------------------------------------------------n = 6
de castelijau:
t = 0.2696
[132.4,-352.6], 
[547.3,-39.5], 
[913.5,-50.3], 
[757,313.2], 
[340.3,49.4], 
[-824.9,-579.1], 

polynomial:
t = 0.7718
[700.1,-560.8], 
[-386.8,663.9], 
[-746.7,-246.7], 
[438.9,876.2], 
[-664.1,-799.6], 
[-928.7,-757.3], 

----------------------------------------------------------------n = 7
de castelijau:
t = 0.755
[-226,-469.1], 
[-962.1,473], 
[-717,-698.5], 
[-993.2,162.1], 
[-756.7,-936.8], 
[-787.5,-739.1], 
[-321.1,-803], 

polynomial:
t = 0.7946
[701.2,-447.3], 
[-374,730.5], 
[-201.7,-356.5], 
[-659.2,667.5], 
[-941.5,-979.4], 
[792.2,-495.6], 
[648.9,202], 

----------------------------------------------------------------n = 8
de castelijau:
t = 0.3062
[-763.7,112], 
[-790.9,-919], 
[-711.6,-892.3], 
[656.8,-919.6], 
[-805.5,116.5], 
[553.5,-182.7], 
[880.4,-672.8], 
[-436.5,-798.9], 

polynomial:
t = 0.785
[77.8,-945.8], 
[-412.5,-123.1], 
[-574.3,911.8], 
[97.5,-918.2], 
[-447.7,873.4], 
[108.3,-36.6], 
[-657.5,-352.5], 
[-487.5,-507.8], 

----------------------------------------------------------------n = 9
de castelijau:
t = 0.7016
[-733.2,114], 
[-654.5,548.3], 
[-931,-981.8], 
[23.9,-460.1], 
[-158.9,-891.8], 
[-874,-847.5], 
[627.4,-756.4], 
[584.9,-904.4], 
[179.4,-278.8], 

polynomial:
t = 0.7754
[-470.7,112.4], 
[98,-95.2], 
[-670.5,-80.2], 
[993.9,-841.7], 
[-129.4,-768.3], 
[-669.4,-199], 
[678.8,322.9], 
[-172.3,-41.6], 
[461.4,861], 

----------------------------------------------------------------n = 10
de castelijau:
t = 0.2318
[33.1,800.5], 
[-242.3,213.7], 
[-92.8,868.4], 
[-308.7,800.5], 
[-138.9,-42.4], 
[-197.4,-576.6], 
[-500.6,67.2], 
[-495.4,-961.7], 
[-501.4,218.9], 
[814.2,-693.8], 

polynomial:
t = 0.7964
[-169.5,-94.6], 
[222.2,-821.2], 
[-367.5,850], 
[-760,-688.9], 
[-244,-339.6], 
[-666.9,-279.8], 
[-493.9,-543.3], 
[103.5,185.2], 
[-614.1,334], 
[-678,-119.1], 

----------------------------------------------------------------n = 11
de castelijau:
t = 0.7922
[769.2,43], 
[-110.7,-671.3], 
[704.8,-968.6], 
[221.3,-822.9], 
[757.7,238.7], 
[575.6,-373.8], 
[1.8,415.3], 
[760.6,-780.1], 
[-911,-587.2], 
[-944.9,-870.3], 
[-944.2,-869.8], 

polynomial:
t = 0.767
[-56.6,-23.4], 
[-151.8,-807.2], 
[-573,884.2], 
[822.7,-480.8], 
[99.9,642.7], 
[526.8,661.9], 
[-610.5,132.5], 
[-41.1,-888.7], 
[-59.7,369.4], 
[-73.3,-247.6], 
[92.3,222.5], 

----------------------------------------------------------------n = 12
de castelijau:
t = 0.6254
[-900.4,935.3], 
[259.2,880.7], 
[-339.9,-966.8], 
[-21,431.9], 
[789.2,-933.3], 
[884.7,82.3], 
[-189.9,-584.6], 
[852.6,-991.9], 
[-689,-566.8], 
[274.2,-792.2], 
[-752.3,486.4], 
[649,642.6], 

polynomial:
t = 0.7826
[-599.2,928.8], 
[-190.6,315.4], 
[-952.1,-454.2], 
[920.7,-866.8], 
[-982,152.5], 
[397.4,99.4], 
[-481.4,-352.2], 
[-661.1,-6.7], 
[212.3,-938.1], 
[196.2,773.1], 
[-728.6,992.8], 
[574.8,42.6], 

----------------------------------------------------------------n = 13
de castelijau:
t = 0.2984
[34.8,-804.4], 
[218,118.7], 
[-677.5,-411.9], 
[-348.3,-956.2], 
[583.5,-218], 
[-567.1,-950.7], 
[-411.9,-180.7], 
[36.3,166.1], 
[-355.7,276.8], 
[295.9,49.2], 
[-622.4,524.3], 
[295.9,-709.7], 
[-135.7,163.6], 

polynomial:
t = 0.7814
[-908.2,-278.7], 
[-481.6,-274.7], 
[-567.8,-102.1], 
[-369.6,-558.7], 
[748.6,-753.7], 
[-720.8,-624.8], 
[502.6,-81.3], 
[-6.1,-612], 
[552.8,-517.1], 
[214.6,-356.6], 
[-786.9,390.7], 
[383.2,-427.4], 
[235.8,-347.2], 

----------------------------------------------------------------n = 14
de castelijau:
t = 0.2024
[-356.8,-16.8], 
[148.8,-479.5], 
[-285.6,-579.7], 
[667,-83.8], 
[933.2,-266], 
[-297.6,-50.6], 
[252.9,-60.6], 
[940.6,-35.3], 
[33,800.7], 
[417.4,891.8], 
[-714.9,-183.9], 
[-965.5,-910.2], 
[868.2,-400.1], 
[762.4,-598.2], 

polynomial:
t = 0.7994
[-54.1,-21.9], 
[846.2,357.7], 
[41.7,-873.2], 
[-769,779.9], 
[579.5,-11.8], 
[-13.4,502.7], 
[440.7,150.8], 
[263.7,555.8], 
[-931,260.9], 
[533.7,-874.2], 
[59.8,-571.6], 
[309.8,568.1], 
[-742,258.1], 
[-321.9,180.8], 

----------------------------------------------------------------n = 15
de castelijau:
t = 0.2468
[-278,-684.7], 
[257,-358.7], 
[-642.9,-652.1], 
[-891.5,-283.4], 
[-639.3,-902.5], 
[-854.8,-930.9], 
[-915.5,-222.6], 
[94.2,-581.7], 
[-460.9,-44.9], 
[-269.6,727.8], 
[-329.5,-633.5], 
[761.6,428], 
[-175,-152.4], 
[397.9,-352.4], 
[698.8,-447.9], 

polynomial:
t = 0.7862
[699.8,-578.7], 
[10.1,-761], 
[268,-857.6], 
[246.3,-505.1], 
[-922.9,-445], 
[927.2,42], 
[-984.7,-405.3], 
[147.1,-512.8], 
[-514.9,-934.5], 
[992.5,-49.5], 
[-242.9,179.1], 
[268.5,-90.5], 
[-771.8,-107.6], 
[-956.8,530.5], 
[-96.5,169], 

----------------------------------------------------------------n = 16
de castelijau:
t = 0.4418
[-512.9,533.5], 
[297.8,-656.6], 
[-913.2,-878.3], 
[375.3,-6], 
[-234.1,-433.7], 
[-205.8,-901.5], 
[64.8,-871.9], 
[-109.7,-898], 
[-517.6,-320.4], 
[-593.9,-940.6], 
[-291.1,757.2], 
[-831.9,715.7], 
[-206,-982.1], 
[-746,51.8], 
[-358.5,-387.4], 
[-737,-478.2], 

polynomial:
t = 0.7928
[-15.2,182.6], 
[199.2,-795.2], 
[-549.2,-897.3], 
[-559.4,-908.3], 
[868.9,-82.8], 
[-951.4,-293.5], 
[15.7,-334.3], 
[4.7,-263.4], 
[-896.5,-452.4], 
[-137.9,877.8], 
[-852,100.1], 
[917.4,-185.3], 
[-350.2,647.9], 
[-686.9,682.9], 
[-871.7,706.1], 
[-739.3,556], 

----------------------------------------------------------------n = 17
de castelijau:
t = 0.329
[488.5,-721.4], 
[-96.6,-91.1], 
[911,-976.7], 
[660.4,-309.8], 
[823.8,83.6], 
[-920.8,-865.5], 
[-70,-903.7], 
[-8.7,-541.3], 
[-743.4,-518.4], 
[-729.3,189.7], 
[114.1,-259.4], 
[-372.8,-16.2], 
[-228.4,413.6], 
[546.4,-783.9], 
[36.1,411.5], 
[-658.9,-723.7], 
[986.5,-457.1], 

polynomial:
t = 0.7904
[-85.6,-582.6], 
[729.7,885.3], 
[46.2,-523.3], 
[-199.6,896.3], 
[925.4,17.3], 
[690.3,343.4], 
[-379.7,-655.7], 
[-369.1,-549.1], 
[721.3,-844.5], 
[212,743.9], 
[-440.2,417.2], 
[458.7,712.8], 
[304.7,912.9], 
[-764.4,-880.7], 
[-395.2,-147.8], 
[743.1,-913.2], 
[-422.5,-919.5], 

----------------------------------------------------------------n = 18
de castelijau:
t = 0.5006
[-347,421.5], 
[-15.7,733.1], 
[-588.9,-360.9], 
[317.5,-781.5], 
[956.9,-121.8], 
[514.2,-446], 
[-765.9,-558.6], 
[-991.5,-290.6], 
[-826.1,54.7], 
[-870.4,198.5], 
[-414.6,-459.9], 
[-890.5,-112.2], 
[-843.5,-437.3], 
[-874.3,749.1], 
[-240.8,-404], 
[707.8,579.7], 
[268.9,-238.8], 
[-521.9,-66], 

polynomial:
t = 0.797
[-929.8,-655.5], 
[-677,623.4], 
[116.9,-725.8], 
[550.8,957], 
[331.4,-218.7], 
[-812.2,-132.2], 
[432.7,-752.3], 
[-739.9,-129.3], 
[-497.7,-577.9], 
[135.6,912], 
[-300.9,-483.3], 
[-142.3,481.2], 
[98.3,757.9], 
[-587.3,-483.2], 
[683.7,-883.4], 
[-221.5,94.1], 
[436.5,91.6], 
[133.6,-111.3], 

----------------------------------------------------------------n = 19
de castelijau:
t = 0.389
[-162,-966], 
[210.2,-347.7], 
[-503.3,-624.4], 
[-249,884.9], 
[175.9,211.5], 
[-538.3,198.3], 
[-572.5,189.4], 
[-829.7,816.8], 
[-524.5,-902.3], 
[-870.4,-554.1], 
[-551.4,216.2], 
[-942.7,115.3], 
[-480.2,-162.3], 
[850.1,-831.3], 
[-742.3,157.3], 
[-926.9,587.8], 
[-251.1,-729.2], 
[-308.7,721], 
[-459.5,139.2], 

polynomial:
t = 0.791
[-832.6,-646], 
[840.4,597.1], 
[150.7,31.4], 
[-296.3,286.9], 
[234.6,-893.1], 
[-544.8,709.8], 
[608.9,-800.8], 
[333.4,-217.8], 
[713.2,-831.7], 
[-436.3,-462.6], 
[106.3,-617.5], 
[-605.3,553.8], 
[-813,-159.3], 
[-457.2,179.7], 
[-837.7,-813.8], 
[-523,-465.1], 
[325.9,111], 
[-1.6,587.3], 
[-741.3,-7], 

----------------------------------------------------------------n = 20
de castelijau:
t = 0.2288
[993.6,-33.5], 
[-206.6,-588.3], 
[-726.9,-819.7], 
[-681.4,-594.4], 
[-967.4,-54.6], 
[-569.1,-747.4], 
[-130.7,-445.2], 
[-875.5,-205], 
[-877.4,-98.3], 
[-483.3,165.8], 
[131.6,225.2], 
[-855.5,648], 
[596.5,-887.1], 
[-503.5,234.8], 
[34.6,-645.2], 
[-863.2,708.8], 
[949.7,-519.7], 
[119.9,-277.8], 
[-871.2,-466.3], 
[-222.9,-535.6], 

polynomial:
t = 0.7904
[-350.3,452.8], 
[-523.3,-795.8], 
[-160.9,410.3], 
[-153.2,162.7], 
[750.6,549], 
[834.2,878.3], 
[-137,-251.7], 
[-466.8,891.2], 
[-787.1,-220.8], 
[-307.3,-249.8], 
[-932.1,-541.4], 
[65.3,882.8], 
[-699.3,-764.4], 
[-450.6,282.5], 
[-285.6,-184], 
[-594.9,952.2], 
[-131.2,625.8], 
[-640.8,-450.7], 
[83.9,187.2], 
[-966.6,-933.3], 

----------------------------------------------------------------