n = 1
de castelijau:
t = 0.5514
[-660.5,802.6], 

polynomial:
t = 0.4862
[215.1,-935.8], 

----------------------------------------------------------------n = 2
de castelijau:
t = 0.5802
[-905.6,196.5], 
[-223,-839.7], 

polynomial:
t = 0.5878
[-545.7,-983.6], 
[850.3,-123.1], 

----------------------------------------------------------------n = 3
de castelijau:
t = 0.5264
[-398.6,463.1], 
[367.3,811.4], 
[-992.6,924.3], 

polynomial:
t = 0.57
[-888.8,897.7], 
[190.3,-988.8], 
[127.1,58.7], 

----------------------------------------------------------------n = 4
de castelijau:
t = 0.4888
[-903.4,270.3], 
[-866.2,-725], 
[-935.5,-403.2], 
[273.9,-146.7], 

polynomial:
t = 0.5892
[-513.8,678], 
[-534.6,-745.1], 
[456.4,256.7], 
[-127,-848.5], 

----------------------------------------------------------------n = 5
de castelijau:
t = 0.5272
[-940,-215.6], 
[-479.8,11], 
[-382.4,-895.1], 
[-932.3,-751.8], 
[-273.5,-212.3], 

polynomial:
t = 0.5442
[-930.4,-735.6], 
[700.6,-64.5], 
[-853.2,-363.3], 
[-502.2,198.9], 
[-459,-205.8], 

----------------------------------------------------------------n = 6
de castelijau:
t = 0.4314
[-461.2,-765.6], 
[-390.4,-377.5], 
[-767.9,-818], 
[-26,-603], 
[-738.7,18.1], 
[-975.9,-650], 

polynomial:
t = 0.5998
[-651.1,-651.6], 
[899.1,171.8], 
[843.3,420.2], 
[817.3,4.1], 
[216.1,-606.1], 
[110.7,666.9], 

----------------------------------------------------------------n = 7
de castelijau:
t = 0.5604
[275,-327.5], 
[-180.9,-990.1], 
[579,-568.7], 
[712.4,-896.5], 
[-211.1,-783.1], 
[-126.9,-475.6], 
[368.8,785.5], 

polynomial:
t = 0.5958
[521.4,-443.3], 
[466.1,-447.4], 
[-924.7,523.8], 
[507.7,-993.3], 
[-10.4,976], 
[-827.3,296.2], 
[813.5,-232.3], 

----------------------------------------------------------------n = 8
de castelijau:
t = 0.4132
[636.1,-767.8], 
[152.5,-557.1], 
[-709.1,312.8], 
[-749.3,24.6], 
[-940.9,-789.6], 
[107.2,890], 
[-473.9,-461.1], 
[411,-809.8], 

polynomial:
t = 0.595
[77.8,-945.8], 
[-412.5,-123.1], 
[-574.3,911.8], 
[97.5,-918.2], 
[-447.7,873.4], 
[108.3,-36.6], 
[-657.5,-352.5], 
[-487.5,-507.8], 

----------------------------------------------------------------n = 9
de castelijau:
t = 0.5242
[143.2,-700.4], 
[-307.2,751.7], 
[82.7,-697.9], 
[-603.3,44.2], 
[-731.6,-360.7], 
[-552.6,-976.8], 
[-352,-383.9], 
[-981.4,-185.5], 
[176.9,-208.3], 

polynomial:
t = 0.5784
[-883,94.7], 
[-921.7,-884.6], 
[189.5,558.4], 
[-62.1,-735.5], 
[651.3,-193.1], 
[-3.5,-289.6], 
[-952.7,-954.4], 
[498.3,76.9], 
[-518.3,-91], 

----------------------------------------------------------------n = 10
de castelijau:
t = 0.4538
[43.4,844.6], 
[-32.2,-232.8], 
[-916.1,-40.6], 
[-802.4,-816.8], 
[-414.2,-676.4], 
[-989.8,-364.1], 
[76,-804.6], 
[-781.8,-605.4], 
[93.2,-61.3], 
[577.9,-268.4], 

polynomial:
t = 0.591
[-243.1,-826.4], 
[153,183.1], 
[-888,-55.4], 
[875.7,147.1], 
[2.5,-821.3], 
[-533.9,67], 
[-753.2,239.9], 
[-754.6,-67], 
[-919.9,-85.4], 
[166.2,35.8], 

----------------------------------------------------------------n = 11
de castelijau:
t = 0.5156
[308.1,207], 
[128.8,558.7], 
[-109.1,-680.1], 
[-203.2,-858.8], 
[-226.7,164], 
[-696,-932.7], 
[-877,-45.6], 
[-618.8,-68.5], 
[-139.4,-906.1], 
[-376.1,-552.3], 
[-340.1,-717.2], 

polynomial:
t = 0.5764
[-34.9,665.1], 
[109.8,-741], 
[-627.6,-984.4], 
[879.7,143.8], 
[-843.6,200.8], 
[29.5,11.1], 
[-821,-999.2], 
[-964.6,-574.4], 
[108.4,559], 
[-59.8,-558.6], 
[704.7,-469.9], 

----------------------------------------------------------------n = 12
de castelijau:
t = 0.5528
[337.8,-746.1], 
[-728.8,139.8], 
[204.9,-107.3], 
[-824.2,-828.3], 
[-857.9,-849.8], 
[-374.2,-774.7], 
[-334.9,-980.7], 
[470.6,-540.8], 
[-143.6,-849.9], 
[791.1,-715.8], 
[-922.1,228.2], 
[108.9,697.2], 

polynomial:
t = 0.5942
[-599.2,928.8], 
[-190.6,315.4], 
[-952.1,-454.2], 
[920.7,-866.8], 
[-982,152.5], 
[397.4,99.4], 
[-481.4,-352.2], 
[-661.1,-6.7], 
[212.3,-938.1], 
[196.2,773.1], 
[-728.6,992.8], 
[574.8,42.6], 

----------------------------------------------------------------n = 13
de castelijau:
t = 0.5998
[-859.8,560.7], 
[470.8,-559.9], 
[-974,-972.4], 
[382.7,-738.9], 
[151,965], 
[-422.8,851.2], 
[-422.8,-245.7], 
[-583.5,-673.9], 
[-437.5,-768.4], 
[-93,18.5], 
[-477.7,-940.1], 
[436.2,-813.2], 
[503.3,-24.7], 

polynomial:
t = 0.597
[227.8,-295.8], 
[365.5,-574.9], 
[-745,129.3], 
[944.2,-826.4], 
[631.5,-153.8], 
[992.8,407.7], 
[833.5,-562.3], 
[-60.2,738.5], 
[-298.5,62.1], 
[-91.5,-467.9], 
[-647.2,572.2], 
[-314.8,-817.2], 
[-355.8,-123.9], 

----------------------------------------------------------------n = 14
de castelijau:
t = 0.4276
[654,5.2], 
[250,490.9], 
[-960.7,-987.6], 
[-759.6,-149.6], 
[15.5,-841.3], 
[-973.8,872.6], 
[-928.6,520.3], 
[-950.1,878.9], 
[-639.6,89.2], 
[-107.8,113.1], 
[511.2,-461.3], 
[-654.4,527.6], 
[102.5,-196.8], 
[40.5,-132.4], 

polynomial:
t = 0.5678
[-682.7,133.4], 
[173.3,-529.9], 
[708.1,855.3], 
[-163,-544.1], 
[-169.9,222.1], 
[-162.4,-984.3], 
[19.3,-974.7], 
[-277,-324.7], 
[-85.8,-486.9], 
[-18.5,-174], 
[-568.4,-552.5], 
[-168.3,18.9], 
[573.1,-246.3], 
[-143.5,-440.5], 

----------------------------------------------------------------n = 15
de castelijau:
t = 0.4024
[166.7,-747.5], 
[-243.6,795.9], 
[880.6,980.2], 
[860.2,-121.2], 
[-547.4,-955.4], 
[-196.1,-955.5], 
[-392.3,-542], 
[-813.6,-959.1], 
[299.3,-124.5], 
[175.2,-438], 
[239.1,-731.8], 
[-634,-113.6], 
[-820,740.2], 
[-469.5,790], 
[-371.2,543.2], 

polynomial:
t = 0.5988
[74.4,-660.8], 
[-694.7,175.7], 
[-19.3,23.2], 
[-616.2,-508.9], 
[321.8,635.8], 
[-91.8,82.4], 
[-84,36.3], 
[-894.7,154.8], 
[-189.8,-308.7], 
[-248.3,-173.1], 
[-526.7,675.9], 
[-992.7,869.3], 
[-391,-802.2], 
[-175.4,57.3], 
[-943.6,-781.3], 

----------------------------------------------------------------n = 16
de castelijau:
t = 0.4852
[766.6,-744.5], 
[513.6,-999.2], 
[-577.3,-455.4], 
[93,-225], 
[-758.4,-112.7], 
[-915.5,-64.9], 
[-268.4,-89.6], 
[-763.5,-904.3], 
[-631.9,-767.6], 
[-185.4,-968.1], 
[-637.4,204.8], 
[-510.2,789.6], 
[444.5,-770.8], 
[710.4,-341.5], 
[691.2,-852.8], 
[-801.2,-589.8], 

polynomial:
t = 0.595
[-891.3,-426.8], 
[-419.2,-995.9], 
[-361.2,-472], 
[-679.8,130.2], 
[-620.4,24.5], 
[850.9,-817.8], 
[-991.6,-837.2], 
[49.5,-916.5], 
[-734.4,-594.4], 
[-329.8,487], 
[275.8,-871.1], 
[-410.2,981.8], 
[61.1,-337], 
[31.6,-425.8], 
[-428.3,780.6], 
[-979,-118.9], 

----------------------------------------------------------------n = 17
de castelijau:
t = 0.5686
[998.5,-665.4], 
[99.5,886.4], 
[54.3,-376.5], 
[187.7,-602], 
[-351,563.1], 
[8.6,74.2], 
[-415.2,-832], 
[-811.7,-720.3], 
[-985.7,409.6], 
[-919.9,-163.8], 
[-596,-819.2], 
[-936,-212.5], 
[-460.4,-247], 
[-305.3,-486.8], 
[-976.9,57.4], 
[264.7,407.5], 
[47.7,24.7], 

polynomial:
t = 0.5964
[-442.4,236], 
[-901.6,-94.3], 
[166.3,120.4], 
[-873.1,-984], 
[652.2,-957.9], 
[160.9,-421.6], 
[107.6,461.8], 
[-76.3,-680.5], 
[-425.9,654.5], 
[349.2,-542.1], 
[-22.9,-197.1], 
[-52.5,-902.1], 
[-646.7,-656.3], 
[-889.8,-82.9], 
[900.9,-562.2], 
[237.3,-933.1], 
[47,-355], 

----------------------------------------------------------------n = 18
de castelijau:
t = 0.4046
[-615.6,-733.7], 
[311.9,-202.1], 
[-639,452.8], 
[-444.8,101.2], 
[-544.7,398.9], 
[-866.4,-772.8], 
[880.2,-338.4], 
[-548.3,-624.5], 
[946,-547.6], 
[403,-759.3], 
[168.4,-785], 
[-614.6,-242.2], 
[-92.1,-32.8], 
[454.5,223.5], 
[-988,-345.3], 
[-310.6,373.4], 
[546.9,878.6], 
[890.4,-109.9], 

polynomial:
t = 0.565
[-803.8,651], 
[540.7,-222], 
[-146.7,-127.1], 
[659.7,823.8], 
[447,-962.9], 
[-170.5,21.3], 
[222,-729], 
[-744.9,-322.9], 
[-930.8,490.2], 
[954,975.6], 
[257.6,189.4], 
[7.9,-5.9], 
[669,-153.4], 
[-836.4,-602.2], 
[253.2,-242.6], 
[-622.1,-723.3], 
[-373.2,-694.8], 
[777.3,-154.6], 

----------------------------------------------------------------n = 19
de castelijau:
t = 0.5272
[683.2,23.2], 
[-808.5,634.9], 
[111.8,-653.1], 
[-638.4,24.3], 
[-386.1,-663.2], 
[-108.9,-853.9], 
[47.3,297.4], 
[316.7,188.6], 
[260,-700.9], 
[-287.8,-862], 
[-584.9,-792.7], 
[-413,-742.8], 
[-777.4,-602], 
[-151.2,225.6], 
[-774.6,-691.7], 
[691.3,-456.1], 
[100.6,240.3], 
[186.2,-533.8], 
[-896.3,12.5], 

polynomial:
t = 0.5898
[-69.4,-229.1], 
[645.2,-443.9], 
[213.8,-223.4], 
[997.5,417.4], 
[-777.1,-838.6], 
[115.5,863], 
[-834.1,10.4], 
[68,-729.9], 
[74.7,-221.3], 
[-952,85.3], 
[-828.1,-908.2], 
[-319.3,-519.5], 
[-604.5,-822.6], 
[-967.8,-945.5], 
[514.1,460.4], 
[189.1,-920.3], 
[-182.5,-674.7], 
[-958.5,-119.8], 
[-183.3,535.3], 

----------------------------------------------------------------n = 20
de castelijau:
t = 0.4758
[-764.7,-452], 
[191.7,-743.4], 
[-86.1,228.5], 
[-443.6,-952.8], 
[241.4,515.2], 
[-804.5,862.9], 
[922.6,-811.4], 
[-705.8,-685.7], 
[139.3,-827.9], 
[229.1,-487], 
[194.1,-819], 
[-565.8,-371.4], 
[799.6,-908.3], 
[853,-524.6], 
[240.7,-303.6], 
[-129.5,527.4], 
[-729.6,-1], 
[-504.6,656.1], 
[497.1,207.6], 
[-975.3,523.7], 

polynomial:
t = 0.599
[-164.1,881], 
[-469.9,583.6], 
[-662.8,561.9], 
[-764.2,669.9], 
[11.3,-231.4], 
[-962.5,-751.2], 
[681.9,-245.2], 
[62.3,-301.6], 
[63.5,-61.5], 
[-182.7,958], 
[551.1,-439.6], 
[134.6,-428.1], 
[-480.8,-252.2], 
[-15.2,-365.9], 
[-14.7,-170.4], 
[-420.5,-531.4], 
[337.7,666.4], 
[-187.7,-308.2], 
[643.2,415.5], 
[-371.8,217.1], 

----------------------------------------------------------------