n = 1
de castelijau:
t = 0.9514
[-660.5,802.6], 

polynomial:
t = 0.9526
[-835.1,208.8], 

----------------------------------------------------------------n = 2
de castelijau:
t = 0.864
[280.7,975.6], 
[-915.4,-567.8], 

polynomial:
t = 0.9062
[-981.8,-43.9], 
[891.3,-684.6], 

----------------------------------------------------------------n = 3
de castelijau:
t = 0.9476
[137.8,195.4], 
[143.5,550.2], 
[-50.9,267.7], 

polynomial:
t = 0.811
[-853.7,-390.6], 
[971.4,-716.7], 
[-437.8,-334.8], 

----------------------------------------------------------------n = 4
de castelijau:
t = 0.9852
[-215.9,56.2], 
[-957.9,788.8], 
[-194.9,731.6], 
[-738,-330.8], 

polynomial:
t = 0.9932
[158,405.1], 
[-763.8,-897.5], 
[618.4,845.9], 
[-838.7,-341.5], 

----------------------------------------------------------------n = 5
de castelijau:
t = 0.9456
[-848.1,-897.5], 
[-317.9,166.9], 
[-446.2,-795.5], 
[-805.3,692.6], 
[-179.7,-995], 

polynomial:
t = 0.9894
[930.1,171.6], 
[98.1,-258.9], 
[840.8,929.3], 
[-621,-344.8], 
[274.5,-369.5], 

----------------------------------------------------------------n = 6
de castelijau:
t = 0.986
[-730.4,567.3], 
[-979.5,-946.4], 
[-752.2,730.2], 
[-725.3,-190], 
[-819.1,-165.2], 
[-221.2,-323.1], 

polynomial:
t = 0.9796
[-175.1,400.3], 
[-930.3,-382.2], 
[-945.8,721.1], 
[-820.3,-418.8], 
[771.5,-462.2], 
[69.1,-241.4], 

----------------------------------------------------------------n = 7
de castelijau:
t = 0.991
[-379.5,-836.5], 
[-239.5,-455.8], 
[-651.8,-547.9], 
[-201.7,-894.8], 
[-321,242.2], 
[417.2,-682.9], 
[755,-379.4], 

polynomial:
t = 0.9726
[-176.3,-458.4], 
[990.6,-730.6], 
[-723.3,27.1], 
[-985.1,-821.6], 
[-565.1,700.6], 
[-688.5,-155.6], 
[-24.6,-960.2], 

----------------------------------------------------------------n = 8
de castelijau:
t = 0.8974
[-24.3,-921.8], 
[14,-129.6], 
[490.9,-289.5], 
[346.2,152.5], 
[-728.6,609.2], 
[-391.4,-505.2], 
[-818.6,-655.8], 
[-353.2,-220.5], 

polynomial:
t = 0.995
[77.8,-945.8], 
[-412.5,-123.1], 
[-574.3,911.8], 
[97.5,-918.2], 
[-447.7,873.4], 
[108.3,-36.6], 
[-657.5,-352.5], 
[-487.5,-507.8], 

----------------------------------------------------------------n = 9
de castelijau:
t = 0.9762
[-879.4,-169.2], 
[40.2,-959.3], 
[-90.8,-0.7], 
[-529.2,-357.7], 
[168.3,158.8], 
[-564.4,191.2], 
[427.6,681.2], 
[-959.1,892.5], 
[412.4,666.6], 

polynomial:
t = 0.9918
[-470.7,112.4], 
[98,-95.2], 
[-670.5,-80.2], 
[993.9,-841.7], 
[-129.4,-768.3], 
[-669.4,-199], 
[678.8,322.9], 
[-172.3,-41.6], 
[461.4,861], 

----------------------------------------------------------------n = 10
de castelijau:
t = 0.932
[420.6,-828.5], 
[-763.8,743.7], 
[-869.1,-566.1], 
[-767,-894.6], 
[752.2,-284.7], 
[733.2,-319.5], 
[-526.5,-980.2], 
[-141.2,-1.5], 
[-235.9,22.7], 
[-959.8,655.1], 

polynomial:
t = 0.9736
[-248.1,-12.5], 
[274.7,676.5], 
[-691.5,-494.3], 
[815,-656.7], 
[-232.1,-29.1], 
[221.7,-533.3], 
[244.5,623.9], 
[-152.5,165.7], 
[-597.5,-996], 
[287.7,122.7], 

----------------------------------------------------------------n = 11
de castelijau:
t = 0.9644
[27.3,773.1], 
[708.9,742.1], 
[63.1,95.6], 
[-400.5,262.3], 
[-102,270.4], 
[755.6,-872], 
[769,440.1], 
[-599.2,-138.5], 
[-431.3,186.1], 
[-94.6,-140], 
[-671.2,-127.6], 

polynomial:
t = 0.989
[-56.6,-23.4], 
[-151.8,-807.2], 
[-573,884.2], 
[822.7,-480.8], 
[99.9,642.7], 
[526.8,661.9], 
[-610.5,132.5], 
[-41.1,-888.7], 
[-59.7,369.4], 
[-73.3,-247.6], 
[92.3,222.5], 

----------------------------------------------------------------n = 12
de castelijau:
t = 0.973
[-874.1,-700], 
[882.1,-476.1], 
[310.6,228.4], 
[-347.1,941.2], 
[231.7,-777.5], 
[-789.6,-511.7], 
[-56.9,566.4], 
[-208.1,527.7], 
[-799.7,-892.9], 
[-399.4,-465.5], 
[-870,996], 
[120.7,-331.8], 

polynomial:
t = 0.9966
[372.4,-338.6], 
[574.8,-227.5], 
[-111.7,-940.7], 
[481.1,27.1], 
[-41.4,-938.6], 
[-56.3,-371.5], 
[-387.8,-380.2], 
[353.9,471.9], 
[256.3,872.7], 
[-359.5,-453.9], 
[957,-456], 
[-708.6,-58.4], 

----------------------------------------------------------------n = 13
de castelijau:
t = 0.9968
[199.9,-99.4], 
[-340.9,-382.8], 
[-107.2,148.5], 
[-696.9,-859.5], 
[205.3,241.9], 
[-253.2,997.6], 
[97.3,-351.3], 
[754.8,-631.7], 
[585.5,117.5], 
[-908.7,-7.8], 
[-860.2,682.2], 
[-147,539], 
[-698.6,-55.9], 

polynomial:
t = 0.9938
[-908.2,-278.7], 
[-481.6,-274.7], 
[-567.8,-102.1], 
[-369.6,-558.7], 
[748.6,-753.7], 
[-720.8,-624.8], 
[502.6,-81.3], 
[-6.1,-612], 
[552.8,-517.1], 
[214.6,-356.6], 
[-786.9,390.7], 
[383.2,-427.4], 
[235.8,-347.2], 

----------------------------------------------------------------n = 14
de castelijau:
t = 0.986
[266.9,-759.2], 
[-631.2,-107.5], 
[86.1,90.5], 
[-911.6,-537.1], 
[-268.6,-529.2], 
[-373.1,-309.4], 
[-126.3,-836.5], 
[575,464.6], 
[117.9,-378.1], 
[-274.1,627.3], 
[-198.9,-609.5], 
[-626.3,213.1], 
[-292.9,-310.1], 
[992.3,99.3], 

polynomial:
t = 0.9392
[-242.4,-683.7], 
[342.9,-77.1], 
[-630.2,-986.6], 
[-977.1,-657.6], 
[961.4,380.7], 
[-921.6,789.3], 
[-173.2,-521.7], 
[473.1,-936.3], 
[786.1,-606.2], 
[218.5,-943.7], 
[308.1,-634.9], 
[-802.1,599.6], 
[-63.2,-2.8], 
[-814.8,-114], 

----------------------------------------------------------------n = 15
de castelijau:
t = 0.9964
[-679.2,-88.1], 
[-767,-907.1], 
[-572.6,507.3], 
[-143,-967.1], 
[-190.9,-497.5], 
[597.6,-595.2], 
[317.6,-771.2], 
[225.9,-654.4], 
[-21.6,-678.2], 
[-831.7,-827.6], 
[-333.5,-387.1], 
[-567.9,-684.8], 
[122.4,-741.8], 
[-561,-628.6], 
[835.8,-610.2], 

polynomial:
t = 0.9898
[-146.4,-953.4], 
[-669.4,-954.6], 
[-715.3,375.7], 
[-12.3,-33.4], 
[-419.8,-598.2], 
[541.6,192.8], 
[-944.8,-553.3], 
[-351.3,-90.3], 
[-14.2,-411.5], 
[934.7,748.3], 
[-618.3,344.7], 
[-754.6,14.8], 
[365.1,-753.2], 
[761.6,-709.3], 
[568.5,969.7], 

----------------------------------------------------------------n = 16
de castelijau:
t = 0.9828
[610.5,404.3], 
[-346.9,-440.5], 
[-281.4,180.9], 
[783.5,-116.9], 
[106.7,-397.6], 
[-458.5,-96.5], 
[54.5,714.7], 
[560.2,-653.9], 
[214.1,-456], 
[558.3,-826.6], 
[705.7,133.7], 
[-339.1,-714], 
[-258.3,508.4], 
[-380.5,-809.9], 
[-561.7,50.8], 
[-506.9,-277.6], 

polynomial:
t = 0.995
[-891.3,-426.8], 
[-419.2,-995.9], 
[-361.2,-472], 
[-679.8,130.2], 
[-620.4,24.5], 
[850.9,-817.8], 
[-991.6,-837.2], 
[49.5,-916.5], 
[-734.4,-594.4], 
[-329.8,487], 
[275.8,-871.1], 
[-410.2,981.8], 
[61.1,-337], 
[31.6,-425.8], 
[-428.3,780.6], 
[-979,-118.9], 

----------------------------------------------------------------n = 17
de castelijau:
t = 0.8974
[-279.8,715.3], 
[-724.1,276.6], 
[350.3,104.1], 
[-538.4,7.7], 
[-934.8,-935.9], 
[-371.8,-886.5], 
[-368.9,212.7], 
[-184.2,-11.6], 
[364,-257.3], 
[296.9,-123.1], 
[937.1,-714.9], 
[-217.8,-225.5], 
[323.7,232.3], 
[-524.3,414.2], 
[119,-497.1], 
[-852.2,-903.4], 
[-797.4,-590.8], 

polynomial:
t = 0.9748
[-729.8,-833.8], 
[818.3,-185], 
[-250.3,-859.4], 
[-932.7,-87.9], 
[-735.1,-994.3], 
[918.4,-15.8], 
[-570.5,-314.8], 
[-55,765.7], 
[-943.1,8.5], 
[677.6,352.9], 
[476.4,-464.3], 
[-928.7,782.8], 
[17.7,-234.2], 
[-901.6,-183.5], 
[152.1,-895.5], 
[105.9,465.6], 
[-312.6,-249.4], 

----------------------------------------------------------------n = 18
de castelijau:
t = 0.9886
[-783.7,-496.9], 
[-199.5,-665.4], 
[-820,206], 
[-38.5,-450], 
[131.5,-136.6], 
[-632.8,-139.4], 
[-8.5,571.4], 
[-205.3,635.9], 
[17.5,202.9], 
[-907.9,-92.9], 
[-420.3,618], 
[981.1,-182.5], 
[304.3,-485.2], 
[317,-367.9], 
[538.9,678.3], 
[-375.3,-733.9], 
[-631.9,171.1], 
[189.9,205.4], 

polynomial:
t = 0.9708
[-115.5,-242.3], 
[-878.9,447.9], 
[969.7,214], 
[20.8,-75.1], 
[-167.5,236], 
[474.4,-559.1], 
[-437.7,638.1], 
[878.2,-904.5], 
[-793.5,173.5], 
[-693.5,-653.9], 
[-795.1,196.1], 
[254,-256.7], 
[-685.9,699.3], 
[438.6,-155.1], 
[-596.8,-128.4], 
[-581.8,-818], 
[-352.3,945.9], 
[-910,-744.1], 

----------------------------------------------------------------n = 19
de castelijau:
t = 0.9908
[-923.4,-616.6], 
[642,699.3], 
[450.9,-435.2], 
[-385.9,-900.9], 
[-205.1,-130.5], 
[847.5,-901.8], 
[-534,236], 
[-141.2,428.8], 
[-560.3,-205.3], 
[-276.6,-536.2], 
[-943.3,185.7], 
[-168.2,-453.6], 
[-405.8,-276.4], 
[442.5,274.4], 
[565.1,-561.2], 
[-650.8,98.2], 
[-346.6,981.7], 
[453.1,-622.7], 
[508,-755.3], 

polynomial:
t = 0.9846
[-824.1,-758], 
[-700.8,-824.7], 
[-123.1,236.4], 
[-148,-719.9], 
[-242.5,-60.8], 
[-355.5,-710.5], 
[192.2,96.7], 
[956.3,-721.7], 
[238.8,222.8], 
[101.1,697.2], 
[730.2,667.4], 
[566.7,640.6], 
[-523.6,-791], 
[-77,-980.5], 
[390.1,-593.1], 
[944.1,-434.1], 
[-74.1,-734.9], 
[-383.2,41.5], 
[-733.2,404.9], 

----------------------------------------------------------------n = 20
de castelijau:
t = 0.9904
[435.3,-704.9], 
[-400.7,318.7], 
[-286.5,-795.4], 
[678.8,-531], 
[613.9,-805.7], 
[-639.1,406.2], 
[253.6,-390.5], 
[-291,-933.4], 
[-470.9,514.3], 
[-537.5,-646.7], 
[-780.7,684.9], 
[549.7,-205.4], 
[183,-147.4], 
[-698.5,-262.8], 
[-66.3,-357.3], 
[-487.5,-21.2], 
[-612.7,594.6], 
[-401.3,-297.7], 
[-361.9,156.7], 
[-618.1,575.8], 

polynomial:
t = 0.9788
[-86.9,645.1], 
[100.9,-696.2], 
[194.5,583.4], 
[-954.4,-406.9], 
[-462.5,-652], 
[856.5,387.3], 
[-298.7,-503.1], 
[-561,-192.3], 
[274.6,-850.8], 
[-241,581.8], 
[180.8,-100.5], 
[-722.4,-2.2], 
[-161.4,683.7], 
[-728.1,-52.7], 
[-725.7,636.8], 
[-221.8,358.8], 
[-448.4,-422.9], 
[550,-568.1], 
[943.4,-506.2], 
[280,-701.1], 

----------------------------------------------------------------