n = 1
de castelijau:
t = 0.1514
[-660.5,802.6], 

polynomial:
t = 0.1676
[-964.8,-705.8], 

----------------------------------------------------------------n = 2
de castelijau:
t = 0.1418
[-742.9,-982.1], 
[-615.8,-921.3], 

polynomial:
t = 0.197
[-999.1,918.4], 
[656.9,484.5], 

----------------------------------------------------------------n = 3
de castelijau:
t = 0.0218
[-798.5,-963.3], 
[518.9,-822.1], 
[637.3,-244], 

polynomial:
t = 0.0338
[940.9,776.4], 
[67.7,-563], 
[-736,-272.5], 

----------------------------------------------------------------n = 4
de castelijau:
t = 0.193
[80.4,-812.3], 
[-891.7,-763.9], 
[-243.5,257.3], 
[-450.5,-354.2], 

polynomial:
t = 0.0288
[973.8,906.9], 
[159.9,-911.4], 
[-40.8,301.7], 
[999.2,-775.5], 

----------------------------------------------------------------n = 5
de castelijau:
t = 0.0898
[-968,262.1], 
[-722.1,372.8], 
[241.7,-353.4], 
[234.5,230.6], 
[142.4,-130], 

polynomial:
t = 0.0392
[738.7,716], 
[474.1,-67.3], 
[479.6,-39.6], 
[-46.7,951.2], 
[-736,-875.9], 

----------------------------------------------------------------n = 6
de castelijau:
t = 0.0138
[872.2,283.7], 
[-199.6,-682.9], 
[-523.4,-54.7], 
[-403.2,518.3], 
[21.7,872.3], 
[-189.7,-552.5], 

polynomial:
t = 0.0882
[-871.9,977.4], 
[-860.5,945.6], 
[744.5,-224.4], 
[-475.3,-607.9], 
[-844.8,-252.4], 
[-563.5,-745], 

----------------------------------------------------------------n = 7
de castelijau:
t = 0.0228
[-321,-582.5], 
[131.8,-852], 
[-925.4,-753.3], 
[-291,-243.4], 
[-160.8,456.2], 
[-803.5,221.4], 
[-224.8,-955.4], 

polynomial:
t = 0.0912
[-207.5,-953.5], 
[-979.6,-215.9], 
[967.3,-424.5], 
[879.8,-693.6], 
[-532.7,-908.2], 
[-308.9,28.3], 
[718.3,350.9], 

----------------------------------------------------------------n = 8
de castelijau:
t = 0.0124
[-871.7,-838.8], 
[91,453.5], 
[-906.1,-687.2], 
[-738.7,-222.2], 
[122.5,-406.7], 
[742.8,294.1], 
[626.5,12.5], 
[486,190.2], 

polynomial:
t = 0.1996
[124.8,-605.9], 
[186.4,742.7], 
[-969.2,-674.9], 
[-401.2,-611.2], 
[-885.8,-69.7], 
[-522,13.8], 
[71.5,935.4], 
[-246.9,213.4], 

----------------------------------------------------------------n = 9
de castelijau:
t = 0.1672
[-733.2,114], 
[-654.5,548.3], 
[-931,-981.8], 
[23.9,-460.1], 
[-158.9,-891.8], 
[-874,-847.5], 
[627.4,-756.4], 
[584.9,-904.4], 
[179.4,-278.8], 

polynomial:
t = 0.1894
[-925.7,84.6], 
[647.4,-559.5], 
[-656.3,-799.7], 
[-333.2,-960.9], 
[922.3,-632.5], 
[-558,-581.9], 
[-976.1,-816.8], 
[-770.5,239], 
[774.6,192.7], 

----------------------------------------------------------------n = 10
de castelijau:
t = 0.0216
[159.4,-600.2], 
[-371.4,-177.2], 
[981.9,3.1], 
[81.8,-153.4], 
[-267.6,27.2], 
[615.3,-40.8], 
[6.3,-220.1], 
[665.3,793.7], 
[-561.1,960.5], 
[-876.9,-312], 

polynomial:
t = 0.1668
[963.2,-769.7], 
[-970.4,-869.8], 
[68.8,-715.5], 
[-842.3,-273], 
[-776.9,385.8], 
[-758.5,326.4], 
[-126,634.9], 
[-417.1,-916.2], 
[-33.3,-507.1], 
[-412.1,-461.3], 

----------------------------------------------------------------n = 11
de castelijau:
t = 0.0768
[631.3,-682.5], 
[755.2,380.6], 
[45.5,-683.9], 
[507.9,500.7], 
[-875.4,-793.1], 
[-165.7,-307.8], 
[-168.7,223.2], 
[416.7,700], 
[-60.2,781.2], 
[-787.8,54.2], 
[270,317.5], 

polynomial:
t = 0.1954
[-383.3,249.5], 
[987.6,648.5], 
[-610.3,-119.6], 
[923.1,809], 
[-605.8,184.2], 
[373.6,836.6], 
[-347.4,-817], 
[-424,108.4], 
[-931.8,-533.1], 
[76.2,488.1], 
[695.1,685], 

----------------------------------------------------------------n = 12
de castelijau:
t = 0.0342
[-879.1,-696.8], 
[-843.9,-128.5], 
[-942.2,-344.1], 
[-114.8,683.1], 
[630.2,-774.7], 
[-95.7,-826.9], 
[821.7,438.1], 
[-7.1,-644.8], 
[43.7,-169.2], 
[696.1,-293.8], 
[-808.2,568.2], 
[944.1,139.4], 

polynomial:
t = 0.1972
[-942.8,113.7], 
[-105.3,-214.5], 
[-927,-441.6], 
[-646.2,-438.9], 
[-79.5,-175.4], 
[-292,218.6], 
[147.7,-340.5], 
[-947.6,-71.4], 
[317.2,-679.3], 
[-6.9,-729.6], 
[-178.4,-866.8], 
[448.4,552.9], 

----------------------------------------------------------------n = 13
de castelijau:
t = 0.0392
[-411.4,-529.1], 
[-648.8,-658.7], 
[924.5,-356], 
[203.1,-211.1], 
[78.7,471.2], 
[-22.4,-575.2], 
[554.7,615.8], 
[804.8,-647.6], 
[-862.2,-799.7], 
[-163.1,-530.3], 
[601.5,-495.5], 
[203.5,-538.3], 
[137.8,505.8], 

polynomial:
t = 0.192
[838.8,624.8], 
[-49.5,-489.2], 
[-356.9,678.3], 
[-402.1,-902.5], 
[-95,912.7], 
[-425.6,673.6], 
[-611.7,-226.9], 
[-685.1,282.6], 
[85.9,-432.6], 
[-263.1,-499.9], 
[-413.7,267.1], 
[226.5,-775.9], 
[-464.6,-65.2], 

----------------------------------------------------------------n = 14
de castelijau:
t = 0.0092
[-18.4,-836.1], 
[-537.3,-577.7], 
[625.8,-863.9], 
[-838.2,-255.8], 
[6.3,-707.2], 
[935.8,-451.2], 
[64.7,406.4], 
[-407,76.1], 
[-152.8,-259.2], 
[69.5,-367.4], 
[-799.8,-476.1], 
[783.7,188.7], 
[-847.7,339.4], 
[-704,-722.2], 

polynomial:
t = 0.197
[269.1,-11.6], 
[-406.4,948], 
[420.5,556.8], 
[-123.1,-187.1], 
[704.1,-658.3], 
[-879.9,-906.7], 
[-430.4,-927.6], 
[-782.5,71.8], 
[252.5,-77], 
[-863.9,722.6], 
[181.9,-517.3], 
[794.6,-792.2], 
[245.1,-29.3], 
[-318.7,-673.7], 

----------------------------------------------------------------n = 15
de castelijau:
t = 0.0306
[833.4,-628.9], 
[608.9,-590.2], 
[-98.5,-653.3], 
[-711.5,-506], 
[-592.5,-152.7], 
[911.2,-605.7], 
[255.9,243.4], 
[70.3,-424.5], 
[-472.8,15.5], 
[92.5,945.4], 
[-651.9,86.9], 
[363.6,-248.2], 
[-860.9,233.6], 
[-747.2,30.6], 
[-571.7,817.7], 

polynomial:
t = 0.1964
[-679.2,-88.1], 
[-767,-907.1], 
[-572.6,507.3], 
[-143,-967.1], 
[-190.9,-497.5], 
[597.6,-595.2], 
[317.6,-771.2], 
[225.9,-654.4], 
[-21.6,-678.2], 
[-831.7,-827.6], 
[-333.5,-387.1], 
[-567.9,-684.8], 
[122.4,-741.8], 
[-561,-628.6], 
[835.8,-610.2], 

----------------------------------------------------------------n = 16
de castelijau:
t = 0.014
[-385.4,845.5], 
[355.4,-294.7], 
[257.6,-78.2], 
[-904.4,-952], 
[-279,-767], 
[207.8,-475.7], 
[-978.7,173.2], 
[925.8,-749.1], 
[970.6,544], 
[-464.3,229.1], 
[-355.6,-952], 
[-542.3,190.2], 
[-105.5,-48.5], 
[729.7,-190.2], 
[243,233.7], 
[-861.7,807.3], 

polynomial:
t = 0.191
[-232.1,208.9], 
[37.3,-765], 
[-498.7,142.6], 
[-967.7,-735.9], 
[75.9,468], 
[-490.9,167.6], 
[75.9,861.5], 
[-640.3,-987], 
[598,-119.5], 
[-564,-347.2], 
[-777.8,-266], 
[-695.1,-663.8], 
[33,-411.6], 
[-45.3,-298.5], 
[-395.5,-895.7], 
[-110.1,-951.1], 

----------------------------------------------------------------n = 17
de castelijau:
t = 0.002
[402.5,-901], 
[-629.2,425.7], 
[807.2,809.5], 
[-735.4,-449.1], 
[-633.2,-974.4], 
[-301.9,-745.7], 
[-825.3,629.8], 
[71.1,666.4], 
[534.2,-902.3], 
[-839.4,371.8], 
[24.3,264], 
[981.5,-928.5], 
[181.2,-907.8], 
[-245,-534.3], 
[-783.9,-812.8], 
[-365.1,-172.4], 
[-469.1,-387.2], 

polynomial:
t = 0.2
[-792,-722.9], 
[634.5,26.1], 
[-609.6,16.1], 
[167.4,715.4], 
[953.8,-773.2], 
[112.9,-374.1], 
[-715.1,-613.4], 
[-514,138], 
[735,-732.4], 
[7,832.3], 
[-365.9,-743.1], 
[-24.9,-316.3], 
[-28.1,216.7], 
[120.4,-319.5], 
[-730.7,-616.4], 
[463.1,444.1], 
[-914.8,-615], 

----------------------------------------------------------------n = 18
de castelijau:
t = 0.0036
[-920.5,394.2], 
[674.7,889.4], 
[-304.2,-910.5], 
[-110.4,324.4], 
[945.1,-300.1], 
[431.6,-759.6], 
[-749.9,100.1], 
[-224.8,786.4], 
[83.3,-266.7], 
[-477.7,1.5], 
[-675.7,243.3], 
[275.9,326], 
[373,-645.2], 
[-720.2,-397.6], 
[22.4,-548.6], 
[-286.5,-590.3], 
[971.4,-873], 
[169,-320.8], 

polynomial:
t = 0.1974
[322.5,-700.1], 
[39,911.6], 
[-882,-403.4], 
[431,574.8], 
[-487.6,-932.7], 
[449,906.5], 
[929.3,154.7], 
[-928.4,-736.8], 
[567,-521.6], 
[411.7,-713.7], 
[140.9,-767.9], 
[402.7,-433], 
[-44.5,459.5], 
[-194.1,-387.9], 
[480.2,802.6], 
[992.8,-456.4], 
[768.4,-794], 
[-695.9,-697.5], 

----------------------------------------------------------------n = 19
de castelijau:
t = 0.028
[-890.8,-947.5], 
[-322.2,-569.2], 
[-611.3,-978.6], 
[619.3,249.6], 
[-135,19.2], 
[-981.5,-542.7], 
[-936.7,-200.2], 
[-273.8,-708.9], 
[481.7,-94.3], 
[-606.7,878], 
[199.6,33.1], 
[-598.6,46.5], 
[-655.7,386.3], 
[740.7,-154.3], 
[-673,953.2], 
[-44.3,330.8], 
[-425.8,-111.5], 
[-447.3,-185], 
[-327.5,-401.4], 

polynomial:
t = 0.1976
[-416.6,-67], 
[-194.9,-610.4], 
[398.3,-922.7], 
[-176.2,325.4], 
[-104.6,-506.6], 
[-886,798.4], 
[-135.2,-731], 
[-894,-668.1], 
[-237.8,-892.5], 
[751.7,-178.7], 
[-541.3,194.4], 
[674.7,-678.4], 
[-458.6,212.7], 
[237,535.5], 
[-58.5,-130.4], 
[729.5,-456], 
[-20.8,-105.9], 
[44.4,752.3], 
[-889.9,484.8], 

----------------------------------------------------------------n = 20
de castelijau:
t = 0.0554
[-786.4,-940], 
[-715.6,-410], 
[269.7,-518.4], 
[-432.8,-341.4], 
[164.9,-936.1], 
[-974.2,-640.3], 
[-699.3,37.8], 
[-975.6,-695.7], 
[-286.6,-866], 
[872.6,-368.4], 
[802.9,-299.1], 
[32.1,95.8], 
[-965.1,-442], 
[474.7,-170.6], 
[-448.7,68.5], 
[-910.5,-620], 
[-277,524], 
[786.9,235.2], 
[-950.3,-121.8], 
[-313.5,-36.1], 

polynomial:
t = 0.1956
[-731.6,472.7], 
[762.8,-998.7], 
[-533.4,645.1], 
[460.6,271.1], 
[-286.7,85.9], 
[165.2,-79.2], 
[-570.1,497], 
[894.4,-217.5], 
[-324.7,-92.2], 
[-15.1,867.7], 
[-692,469.8], 
[98.6,-560.9], 
[50.3,-537.9], 
[-428.9,33.4], 
[235.6,-308.1], 
[-272.2,433.6], 
[-826.8,-933.8], 
[301.3,-470.7], 
[-726.2,581.9], 
[-193.4,-379.7], 

----------------------------------------------------------------