n = 1
de castelijau:
t = 0.757
[-660.5,802.6], 

polynomial:
t = 0.974
[-780.8,-144.8], 

----------------------------------------------------------------n = 2
de castelijau:
t = 0.918
[-685.6,44.6], 
[59.9,-650.3], 

polynomial:
t = 0.907
[-518.7,-795.1], 
[896.8,192.5], 

----------------------------------------------------------------n = 3
de castelijau:
t = 0.948
[-614.8,-799.5], 
[-890.7,-791.8], 
[-765.2,851.2], 

polynomial:
t = 0.901
[-774.6,635], 
[796.6,-818.3], 
[720.4,-465.8], 

----------------------------------------------------------------n = 4
de castelijau:
t = 0.215
[-762.3,-19.3], 
[-989.4,-584.5], 
[691.1,-399.7], 
[23.5,989.7], 

polynomial:
t = 0.966
[158,405.1], 
[-763.8,-897.5], 
[618.4,845.9], 
[-838.7,-341.5], 

----------------------------------------------------------------n = 5
de castelijau:
t = 0.032
[713.3,552.9], 
[-37.1,-547.3], 
[153.9,-985.4], 
[771.1,4.4], 
[-290.4,596.9], 

polynomial:
t = 0.947
[930.1,171.6], 
[98.1,-258.9], 
[840.8,929.3], 
[-621,-344.8], 
[274.5,-369.5], 

----------------------------------------------------------------n = 6
de castelijau:
t = 0.082
[-326.1,-974.9], 
[-165.1,-169.1], 
[478,749.1], 
[542.3,189.1], 
[375.1,-882.3], 
[204,-368.6], 

polynomial:
t = 0.969
[188.4,451.7], 
[555.6,-402.5], 
[-97,-656.9], 
[745.7,-519.7], 
[-459,630.5], 
[96.1,382.6], 

----------------------------------------------------------------n = 7
de castelijau:
t = 0.909
[-102.1,538], 
[561.4,437.8], 
[-341.6,-429.9], 
[597,80.7], 
[258.9,-428.3], 
[565.1,494.2], 
[-646,-972.7], 

polynomial:
t = 0.988
[-826.8,513.5], 
[-274.5,44.4], 
[241.2,91.5], 
[-974.4,728.8], 
[-228.4,-244.6], 
[-897.6,515], 
[-706.3,-754.9], 

----------------------------------------------------------------n = 8
de castelijau:
t = 0.04
[881.6,-575.1], 
[-252.9,-568.9], 
[159.6,54.8], 
[-242.3,-939], 
[-223.7,445.7], 
[409.1,-965.8], 
[-379.3,-633.9], 
[26.4,-133.1], 

polynomial:
t = 0.975
[77.8,-945.8], 
[-412.5,-123.1], 
[-574.3,911.8], 
[97.5,-918.2], 
[-447.7,873.4], 
[108.3,-36.6], 
[-657.5,-352.5], 
[-487.5,-507.8], 

----------------------------------------------------------------n = 9
de castelijau:
t = 0.017
[-835.8,260.8], 
[-798.9,721.6], 
[786.4,804.1], 
[77.2,-141.5], 
[-279.2,-84], 
[-453.2,104.8], 
[-538.9,476.2], 
[186.2,958.9], 
[576.2,-819.4], 

polynomial:
t = 0.905
[289,-240.6], 
[731.2,-456.1], 
[-70.6,639.2], 
[-847.8,-632.9], 
[821.6,822], 
[-444,-520.9], 
[362.3,861.3], 
[750.4,411.4], 
[-823.9,-475.6], 

----------------------------------------------------------------n = 10
de castelijau:
t = 0.032
[-817.8,852], 
[-552.7,-326.4], 
[-903.5,-256.6], 
[433.9,143.8], 
[-564.5,-83.8], 
[-326.2,-192.1], 
[-918.6,-29.7], 
[-269.7,-858.3], 
[89.4,-812.8], 
[-749.6,-907.6], 

polynomial:
t = 0.961
[-717.8,25.6], 
[522.2,-237.9], 
[-641.8,-935.7], 
[49.3,515.1], 
[581.2,-226.2], 
[-449,315.5], 
[-49.8,-346.6], 
[121.9,-919.3], 
[176.3,-455.6], 
[167.7,442.9], 

----------------------------------------------------------------n = 11
de castelijau:
t = 0.159
[287.9,-479.6], 
[-946,-515.8], 
[-498.6,-888.3], 
[346.5,-774.5], 
[-459.4,-176.4], 
[-603.6,264.3], 
[-312.9,-102], 
[-39,-610.2], 
[347.7,533.1], 
[-107.7,-634], 
[-347.1,-886.4], 

polynomial:
t = 0.985
[88.8,-2.1], 
[759.1,-466.6], 
[-957.1,-319.7], 
[-252.1,-293.5], 
[-978.2,-438.5], 
[-9.2,18.9], 
[-247.6,-433.1], 
[-520,997.4], 
[-388.9,-683], 
[446,-706.7], 
[254.9,-845.5], 

----------------------------------------------------------------n = 12
de castelijau:
t = 0.061
[-777.6,-902.5], 
[-466.2,-627.1], 
[-672.7,536.1], 
[-278,176.2], 
[602.4,-389.4], 
[-531.4,-4], 
[-672.4,-190.4], 
[-358.5,-684.7], 
[646.7,-11.4], 
[452.8,-987.6], 
[-428,-789.1], 
[48.9,617.8], 

polynomial:
t = 0.971
[-599.2,928.8], 
[-190.6,315.4], 
[-952.1,-454.2], 
[920.7,-866.8], 
[-982,152.5], 
[397.4,99.4], 
[-481.4,-352.2], 
[-661.1,-6.7], 
[212.3,-938.1], 
[196.2,773.1], 
[-728.6,992.8], 
[574.8,42.6], 

----------------------------------------------------------------n = 13
de castelijau:
t = 0.993
[-472.3,-56.3], 
[489.3,-657.9], 
[-273.8,-277.8], 
[-892.9,-703], 
[-868.3,-986.3], 
[-524.4,-245], 
[-575.5,-868.7], 
[-149.2,318.7], 
[915.9,-835.2], 
[-703.9,-156.7], 
[-603.8,-153.3], 
[3.8,-248.7], 
[-955,-597.1], 

polynomial:
t = 0.985
[227.8,-295.8], 
[365.5,-574.9], 
[-745,129.3], 
[944.2,-826.4], 
[631.5,-153.8], 
[992.8,407.7], 
[833.5,-562.3], 
[-60.2,738.5], 
[-298.5,62.1], 
[-91.5,-467.9], 
[-647.2,572.2], 
[-314.8,-817.2], 
[-355.8,-123.9], 

----------------------------------------------------------------n = 14
de castelijau:
t = 0.237
[16.1,804.6], 
[571.7,-145.5], 
[-925.7,-998.4], 
[-448.6,-348.3], 
[186.8,-927.2], 
[561.4,-799.4], 
[-347.2,-953.1], 
[-777.6,110.6], 
[821.8,150.7], 
[265.2,-253], 
[-157.6,118.4], 
[-416.9,905], 
[-779.6,-369.4], 
[816.3,-20.2], 

polynomial:
t = 0.998
[-229.5,399.3], 
[-389,-567.8], 
[816.7,-235.5], 
[-744.8,-259.4], 
[276.7,-945.4], 
[-826.3,218], 
[-697.6,-995], 
[-155.6,464.7], 
[-454.9,-77.1], 
[-267.7,-668.7], 
[-518.1,-221.7], 
[275.9,433.3], 
[496.4,265], 
[-394.6,-106.1], 

----------------------------------------------------------------n = 15
de castelijau:
t = 0.027
[-447.3,-926.4], 
[-774.9,-804.2], 
[-315.9,139.5], 
[98.3,-7.7], 
[-429,719], 
[-717.8,-831.8], 
[224.3,-495.2], 
[523.7,-95.5], 
[-584.8,-439.9], 
[331.6,-656], 
[-488.2,-695.1], 
[45.3,-264.1], 
[-798.3,947.7], 
[-561.9,-10.1], 
[109,746.3], 

polynomial:
t = 0.977
[699.8,-578.7], 
[10.1,-761], 
[268,-857.6], 
[246.3,-505.1], 
[-922.9,-445], 
[927.2,42], 
[-984.7,-405.3], 
[147.1,-512.8], 
[-514.9,-934.5], 
[992.5,-49.5], 
[-242.9,179.1], 
[268.5,-90.5], 
[-771.8,-107.6], 
[-956.8,530.5], 
[-96.5,169], 

----------------------------------------------------------------n = 16
de castelijau:
t = 0.984
[-144.5,-390.5], 
[624.7,-62.8], 
[-324.8,-241.5], 
[494.5,377.4], 
[182.7,-73.8], 
[-387.6,-82.2], 
[-604.9,984.3], 
[740.7,-9.1], 
[-78.8,-57.6], 
[621,-963.8], 
[893.7,451.5], 
[-17.5,780.8], 
[219.9,-706.9], 
[-455.6,192.7], 
[-830.4,790.2], 
[-421.3,-733], 

polynomial:
t = 0.923
[-592.7,-260.7], 
[-594.5,-157.3], 
[873.2,-148.9], 
[934.3,-806.2], 
[-260.3,-215.9], 
[552,-997], 
[776.1,992.5], 
[-813,-213.9], 
[-338.6,226.1], 
[-963.8,-453.9], 
[369.2,-574.7], 
[165.4,-274.7], 
[-619.5,-701.5], 
[354.7,-925.3], 
[611.3,-686.6], 
[-848.3,-922.2], 

----------------------------------------------------------------n = 17
de castelijau:
t = 0.203
[-829.7,87.5], 
[55.2,844.5], 
[-680.5,798.5], 
[732.8,927.6], 
[-25.8,538.3], 
[-757.7,500], 
[-910.3,-652], 
[-537.9,114], 
[-637.2,-196.6], 
[114.7,-492.1], 
[-544,-717.7], 
[-711.2,449.3], 
[-566.2,-61.7], 
[-325.5,-900.9], 
[-199.6,-555.8], 
[-728.5,-299.7], 
[-919.3,998.6], 

polynomial:
t = 0.982
[-442.4,236], 
[-901.6,-94.3], 
[166.3,120.4], 
[-873.1,-984], 
[652.2,-957.9], 
[160.9,-421.6], 
[107.6,461.8], 
[-76.3,-680.5], 
[-425.9,654.5], 
[349.2,-542.1], 
[-22.9,-197.1], 
[-52.5,-902.1], 
[-646.7,-656.3], 
[-889.8,-82.9], 
[900.9,-562.2], 
[237.3,-933.1], 
[47,-355], 

----------------------------------------------------------------n = 18
de castelijau:
t = 0.981
[-74.3,237], 
[-834.8,787], 
[104.9,-416.2], 
[201.4,-723], 
[76.2,-471.1], 
[-355.8,-2.3], 
[287,-228.8], 
[-197.1,-899.2], 
[894.8,-745.4], 
[-763.7,163.4], 
[-656.8,-173.9], 
[-535.4,-26.4], 
[690.4,66.3], 
[440.4,-941.2], 
[603.2,-796.7], 
[-783.5,-313.3], 
[149.3,-617.7], 
[-452.6,-294.9], 

polynomial:
t = 0.995
[-929.8,-655.5], 
[-677,623.4], 
[116.9,-725.8], 
[550.8,957], 
[331.4,-218.7], 
[-812.2,-132.2], 
[432.7,-752.3], 
[-739.9,-129.3], 
[-497.7,-577.9], 
[135.6,912], 
[-300.9,-483.3], 
[-142.3,481.2], 
[98.3,757.9], 
[-587.3,-483.2], 
[683.7,-883.4], 
[-221.5,94.1], 
[436.5,91.6], 
[133.6,-111.3], 

----------------------------------------------------------------n = 19
de castelijau:
t = 0.158
[-506.4,-331.1], 
[-90.3,-568.1], 
[-929.3,-748.7], 
[-975.7,-673.4], 
[-929.3,-639], 
[835,-571.4], 
[814.4,-397], 
[-407.5,-531.9], 
[-444.7,818.6], 
[-77.7,-664], 
[44.2,-663.6], 
[-926.2,-639.7], 
[66.7,-316.8], 
[-669.3,700.1], 
[-329.3,-542.5], 
[-887.9,-593.9], 
[-946.5,316], 
[3.3,-492.8], 
[54.6,264.4], 

polynomial:
t = 0.985
[-832.6,-646], 
[840.4,597.1], 
[150.7,31.4], 
[-296.3,286.9], 
[234.6,-893.1], 
[-544.8,709.8], 
[608.9,-800.8], 
[333.4,-217.8], 
[713.2,-831.7], 
[-436.3,-462.6], 
[106.3,-617.5], 
[-605.3,553.8], 
[-813,-159.3], 
[-457.2,179.7], 
[-837.7,-813.8], 
[-523,-465.1], 
[325.9,111], 
[-1.6,587.3], 
[-741.3,-7], 

----------------------------------------------------------------n = 20
de castelijau:
t = 0.81
[-895.9,-994.3], 
[-485.8,239.5], 
[-912.1,-858.1], 
[697.8,-75.5], 
[-604.3,-655.2], 
[554.6,401.3], 
[-381.3,-179.7], 
[20,-452.9], 
[-499.3,-896.7], 
[252.7,252.8], 
[-753,222.6], 
[999.2,-218.3], 
[-591.6,-499.8], 
[-950.3,-336.6], 
[230.2,872.7], 
[-760.7,-689.2], 
[-857.8,-129.3], 
[-764.3,-271.6], 
[-612.1,102], 
[-626.4,-946.3], 

polynomial:
t = 0.997
[398.2,-451.8], 
[507.9,-609.4], 
[-429.1,948.7], 
[-855.8,-829.4], 
[943.3,-89.6], 
[-27.5,-540.1], 
[-801.9,546.6], 
[-575.6,-518.5], 
[-568,-790.2], 
[-207.1,-141.7], 
[-323.6,167.4], 
[531.1,-46.3], 
[478.9,-72.9], 
[-612.9,6.8], 
[-242.2,-470.6], 
[-275.6,-611.7], 
[102.8,-879.2], 
[-618.9,-652.7], 
[-160.4,-897.7], 
[-153.6,-301.2], 

----------------------------------------------------------------