n = 1
de castelijau:
t = 0.5318
[-631.3,-873.4], 

bezier:
t = 0.5318
[-631.3,-873.4], 

----------------------------------------------------------------n = 2
de castelijau:
t = 0.5116
[-998.6,941.8], 
[-108,172.8], 

bezier:
t = 0.515
[265.3,-928.9], 
[-992.2,-426.4], 

----------------------------------------------------------------n = 3
de castelijau:
t = 0.467
[-981.2,468.1], 
[-405.7,0], 
[-783.4,926.2], 

bezier:
t = 0.5756
[-324.1,-830.8], 
[-924.3,-857.1], 
[-2,-369.9], 

----------------------------------------------------------------n = 4
de castelijau:
t = 0.4292
[-939.2,955.4], 
[546.8,497], 
[81.7,-547.9], 
[37.5,-274.7], 

bezier:
t = 0.575
[796.8,-856.6], 
[733.7,870.8], 
[-297.5,-443.4], 
[858.5,48.3], 

----------------------------------------------------------------n = 5
de castelijau:
t = 0.5758
[-934.1,-965.1], 
[-963.8,230.3], 
[-202.6,-346.5], 
[36.3,694.5], 
[-637.5,-350.5], 

bezier:
t = 0.5758
[-934.1,-965.1], 
[-963.8,230.3], 
[-202.6,-346.5], 
[36.3,694.5], 
[-637.5,-350.5], 

----------------------------------------------------------------n = 6
de castelijau:
t = 0.5806
[995.8,-761.9], 
[-241.4,33.8], 
[-125.1,-880.9], 
[-175.7,195.5], 
[-139.2,-40], 
[-280.8,52.1], 

bezier:
t = 0.5806
[995.8,-761.9], 
[-241.4,33.8], 
[-125.1,-880.9], 
[-175.7,195.5], 
[-139.2,-40], 
[-280.8,52.1], 

----------------------------------------------------------------n = 7
de castelijau:
t = 0.5982
[-822.8,-441.2], 
[-700.4,349.6], 
[-937.1,761.9], 
[53.7,210.6], 
[-99.8,-444.7], 
[-111.1,217.8], 
[-756.4,-406.7], 

bezier:
t = 0.5982
[-822.8,-441.2], 
[-700.4,349.6], 
[-937.1,761.9], 
[53.7,210.6], 
[-99.8,-444.7], 
[-111.1,217.8], 
[-756.4,-406.7], 

----------------------------------------------------------------n = 8
de castelijau:
t = 0.5702
[-655.3,-706.8], 
[-639.9,-672.5], 
[-817.1,-504.7], 
[-596.5,997.1], 
[42.3,-399.8], 
[-583.7,-898.1], 
[-510.7,-692.1], 
[992.1,-86.9], 

bezier:
t = 0.5702
[-655.3,-706.8], 
[-639.9,-672.5], 
[-817.1,-504.7], 
[-596.5,997.1], 
[42.3,-399.8], 
[-583.7,-898.1], 
[-510.7,-692.1], 
[992.1,-86.9], 

----------------------------------------------------------------n = 9
de castelijau:
t = 0.5786
[-964.6,40.3], 
[-941.6,-458.1], 
[-134,256.2], 
[-100.1,184.6], 
[-379.1,390.7], 
[-599.7,-889.2], 
[-563.7,361.9], 
[-705.3,-732.3], 
[376.8,-39.4], 

bezier:
t = 0.5786
[-964.6,40.3], 
[-941.6,-458.1], 
[-134,256.2], 
[-100.1,184.6], 
[-379.1,390.7], 
[-599.7,-889.2], 
[-563.7,361.9], 
[-705.3,-732.3], 
[376.8,-39.4], 

----------------------------------------------------------------n = 10
de castelijau:
t = 0.5856
[-963,-888.5], 
[196.2,-347.3], 
[-516.7,-134.7], 
[971.7,-407.9], 
[-368.4,164], 
[852.2,132.5], 
[188,515.4], 
[754.9,-695.8], 
[-923.5,-534.7], 
[323.7,-709], 

bezier:
t = 0.5856
[-963,-888.5], 
[196.2,-347.3], 
[-516.7,-134.7], 
[971.7,-407.9], 
[-368.4,164], 
[852.2,132.5], 
[188,515.4], 
[754.9,-695.8], 
[-923.5,-534.7], 
[323.7,-709], 

----------------------------------------------------------------n = 11
de castelijau:
t = 0.5856
[-717.7,-910.8], 
[-407.2,-575.8], 
[751,-638.1], 
[-108.6,106.6], 
[504.6,-566.9], 
[-607.1,-464.9], 
[802.6,-273.3], 
[-800.6,-15.8], 
[185.5,39.7], 
[-655.4,759.6], 
[834.3,23.8], 

bezier:
t = 0.5856
[-717.7,-910.8], 
[-407.2,-575.8], 
[751,-638.1], 
[-108.6,106.6], 
[504.6,-566.9], 
[-607.1,-464.9], 
[802.6,-273.3], 
[-800.6,-15.8], 
[185.5,39.7], 
[-655.4,759.6], 
[834.3,23.8], 

----------------------------------------------------------------n = 12
de castelijau:
t = 0.569
[-985.4,-944.2], 
[-709.7,150.9], 
[-337.4,-934.4], 
[-271.7,107], 
[-585,780.3], 
[-91,-575.8], 
[642.8,-242.9], 
[-659,-987.4], 
[-140.7,-787.6], 
[806.9,657.5], 
[993.4,-88.1], 
[-303.8,469.7], 

bezier:
t = 0.569
[-985.4,-944.2], 
[-709.7,150.9], 
[-337.4,-934.4], 
[-271.7,107], 
[-585,780.3], 
[-91,-575.8], 
[642.8,-242.9], 
[-659,-987.4], 
[-140.7,-787.6], 
[806.9,657.5], 
[993.4,-88.1], 
[-303.8,469.7], 

----------------------------------------------------------------n = 13
de castelijau:
t = 0.5938
[118.3,-725.6], 
[-808,-368.1], 
[-188.7,54.5], 
[740.5,-522.9], 
[504.2,-65.4], 
[355.5,-997.5], 
[448.4,-570], 
[-827.8,-197.5], 
[-839.6,222.7], 
[791.7,644.8], 
[454.5,238.3], 
[203.2,69], 
[-131.8,-369.7], 

bezier:
t = 0.5938
[118.3,-725.6], 
[-808,-368.1], 
[-188.7,54.5], 
[740.5,-522.9], 
[504.2,-65.4], 
[355.5,-997.5], 
[448.4,-570], 
[-827.8,-197.5], 
[-839.6,222.7], 
[791.7,644.8], 
[454.5,238.3], 
[203.2,69], 
[-131.8,-369.7], 

----------------------------------------------------------------n = 14
de castelijau:
t = 0.5988
[-574.6,-846.1], 
[-989.7,-857.7], 
[-690.9,-666.5], 
[-805.5,626], 
[-927.9,-968.9], 
[-253.4,6.5], 
[-860.6,631.2], 
[4.8,201], 
[-355.6,-50.9], 
[744.7,364.1], 
[232.8,-23], 
[-646,-950.8], 
[-630.8,668.1], 
[-346,-567.5], 

bezier:
t = 0.5988
[-574.6,-846.1], 
[-989.7,-857.7], 
[-690.9,-666.5], 
[-805.5,626], 
[-927.9,-968.9], 
[-253.4,6.5], 
[-860.6,631.2], 
[4.8,201], 
[-355.6,-50.9], 
[744.7,364.1], 
[232.8,-23], 
[-646,-950.8], 
[-630.8,668.1], 
[-346,-567.5], 

----------------------------------------------------------------n = 15
de castelijau:
t = 0.5944
[-125.5,-823.3], 
[-277,-713.5], 
[-888,-643.8], 
[909.4,-589.2], 
[733.1,444.5], 
[-391,91.5], 
[-92.7,53.3], 
[197.2,252.4], 
[-262.7,-982.2], 
[-111.4,-762.7], 
[-623.3,-889.3], 
[196.2,716.6], 
[101.5,-38.2], 
[433.1,-175.7], 
[-351,449.6], 

bezier:
t = 0.5944
[-125.5,-823.3], 
[-277,-713.5], 
[-888,-643.8], 
[909.4,-589.2], 
[733.1,444.5], 
[-391,91.5], 
[-92.7,53.3], 
[197.2,252.4], 
[-262.7,-982.2], 
[-111.4,-762.7], 
[-623.3,-889.3], 
[196.2,716.6], 
[101.5,-38.2], 
[433.1,-175.7], 
[-351,449.6], 

----------------------------------------------------------------n = 16
de castelijau:
t = 0.5936
[-494.5,719.8], 
[-880.9,-917.1], 
[34.2,-310.9], 
[-188.7,-15], 
[-516.9,-351.2], 
[146.4,-213.8], 
[-136.3,798.7], 
[-6.1,-505.1], 
[405.9,-442.7], 
[986.4,-813.3], 
[-268.4,344.1], 
[903.4,600.8], 
[-887.8,-953.9], 
[914,-454.4], 
[-422.6,167.1], 
[200.5,-518.4], 

bezier:
t = 0.5936
[-494.5,719.8], 
[-880.9,-917.1], 
[34.2,-310.9], 
[-188.7,-15], 
[-516.9,-351.2], 
[146.4,-213.8], 
[-136.3,798.7], 
[-6.1,-505.1], 
[405.9,-442.7], 
[986.4,-813.3], 
[-268.4,344.1], 
[903.4,600.8], 
[-887.8,-953.9], 
[914,-454.4], 
[-422.6,167.1], 
[200.5,-518.4], 

----------------------------------------------------------------n = 17
de castelijau:
t = 0.5804
[-932.8,-585.3], 
[-728.9,-724.8], 
[-76.2,-125.2], 
[758.2,-805.6], 
[890.5,-875], 
[-28.3,712.3], 
[832.8,-870.5], 
[-214.4,251.9], 
[136.7,338.7], 
[511.6,-176], 
[804.6,960.9], 
[-164.3,563.7], 
[148.6,248.7], 
[-864.5,-364.1], 
[-517.5,-613.8], 
[-922.6,406.5], 
[-979.7,-924.3], 

bezier:
t = 0.5804
[-932.8,-585.3], 
[-728.9,-724.8], 
[-76.2,-125.2], 
[758.2,-805.6], 
[890.5,-875], 
[-28.3,712.3], 
[832.8,-870.5], 
[-214.4,251.9], 
[136.7,338.7], 
[511.6,-176], 
[804.6,960.9], 
[-164.3,563.7], 
[148.6,248.7], 
[-864.5,-364.1], 
[-517.5,-613.8], 
[-922.6,406.5], 
[-979.7,-924.3], 

----------------------------------------------------------------n = 18
de castelijau:
t = 0.5868
[535.8,969.2], 
[-695.9,912.3], 
[-328.8,-708.4], 
[-584.8,-471.2], 
[-772.7,67.2], 
[-823.2,-431.2], 
[-914.1,441.6], 
[460,-695.3], 
[836.5,-233.9], 
[872.2,-666.1], 
[-868.5,-420.1], 
[8.4,-299.1], 
[-292.8,-21.6], 
[-904.2,-815.2], 
[102.7,227.2], 
[200.4,-232.8], 
[-655,-459], 
[-383.7,-296.1], 

bezier:
t = 0.5868
[535.8,969.2], 
[-695.9,912.3], 
[-328.8,-708.4], 
[-584.8,-471.2], 
[-772.7,67.2], 
[-823.2,-431.2], 
[-914.1,441.6], 
[460,-695.3], 
[836.5,-233.9], 
[872.2,-666.1], 
[-868.5,-420.1], 
[8.4,-299.1], 
[-292.8,-21.6], 
[-904.2,-815.2], 
[102.7,227.2], 
[200.4,-232.8], 
[-655,-459], 
[-383.7,-296.1], 

----------------------------------------------------------------n = 19
de castelijau:
t = 0.5894
[238.4,-915.4], 
[-297.3,-954.1], 
[-260.4,-969.9], 
[-538.7,-650.6], 
[102.6,-936.9], 
[-746.9,-917.1], 
[-979.8,261.6], 
[248.7,95], 
[-518.8,-390.9], 
[-544.7,-786.9], 
[455,-393], 
[-71.4,-428.8], 
[-595,-155.6], 
[514,198], 
[953.4,927], 
[768.5,534.6], 
[-560.4,-133.7], 
[-840.8,-581.4], 
[-216.5,-31.1], 

bezier:
t = 0.5894
[238.4,-915.4], 
[-297.3,-954.1], 
[-260.4,-969.9], 
[-538.7,-650.6], 
[102.6,-936.9], 
[-746.9,-917.1], 
[-979.8,261.6], 
[248.7,95], 
[-518.8,-390.9], 
[-544.7,-786.9], 
[455,-393], 
[-71.4,-428.8], 
[-595,-155.6], 
[514,198], 
[953.4,927], 
[768.5,534.6], 
[-560.4,-133.7], 
[-840.8,-581.4], 
[-216.5,-31.1], 

----------------------------------------------------------------n = 20
de castelijau:
t = 0.5922
[109.5,-970.2], 
[141.9,-391.9], 
[578.7,846.7], 
[-614,-929.6], 
[-249.6,631.5], 
[-818.7,-788.1], 
[-59.4,625.6], 
[-187.3,45.9], 
[187.2,-136.7], 
[-845.2,565.7], 
[996.9,-548.9], 
[-689.1,-78.7], 
[-967.4,-749.4], 
[-540.9,-671.2], 
[881.2,-413.4], 
[268.6,597.6], 
[-524.4,298.3], 
[-868.5,73.5], 
[-707.6,924.3], 
[-511.2,-711.7], 

bezier:
t = 0.5922
[109.5,-970.2], 
[141.9,-391.9], 
[578.7,846.7], 
[-614,-929.6], 
[-249.6,631.5], 
[-818.7,-788.1], 
[-59.4,625.6], 
[-187.3,45.9], 
[187.2,-136.7], 
[-845.2,565.7], 
[996.9,-548.9], 
[-689.1,-78.7], 
[-967.4,-749.4], 
[-540.9,-671.2], 
[881.2,-413.4], 
[268.6,597.6], 
[-524.4,298.3], 
[-868.5,73.5], 
[-707.6,924.3], 
[-511.2,-711.7], 

----------------------------------------------------------------