n = 1
de castelijau:
t = 0.2726
[-920.6,-931.5], 

bezier:
t = 0.2726
[-920.6,-931.5], 

----------------------------------------------------------------n = 2
de castelijau:
t = 0.6596
[-728.4,51], 
[-870.4,874.1], 

bezier:
t = 0.6254
[974.9,-777.6], 
[805.4,-230.2], 

----------------------------------------------------------------n = 3
de castelijau:
t = 0.7268
[-324.1,-830.8], 
[-924.3,-857.1], 
[-2,-369.9], 

bezier:
t = 0.7148
[246.7,-859.7], 
[-204.6,-687.2], 
[-223.6,-817.4], 

----------------------------------------------------------------n = 4
de castelijau:
t = 0.4898
[-287.4,-877], 
[-915.9,-673.8], 
[-630.3,109.3], 
[-788.2,-767.7], 

bezier:
t = 0.7724
[-19.5,587.9], 
[189.7,292.3], 
[254,387.8], 
[658,564.1], 

----------------------------------------------------------------n = 5
de castelijau:
t = 0.7274
[-934.1,-965.1], 
[-963.8,230.3], 
[-202.6,-346.5], 
[36.3,694.5], 
[-637.5,-350.5], 

bezier:
t = 0.7274
[-934.1,-965.1], 
[-963.8,230.3], 
[-202.6,-346.5], 
[36.3,694.5], 
[-637.5,-350.5], 

----------------------------------------------------------------n = 6
de castelijau:
t = 0.7418
[995.8,-761.9], 
[-241.4,33.8], 
[-125.1,-880.9], 
[-175.7,195.5], 
[-139.2,-40], 
[-280.8,52.1], 

bezier:
t = 0.7418
[995.8,-761.9], 
[-241.4,33.8], 
[-125.1,-880.9], 
[-175.7,195.5], 
[-139.2,-40], 
[-280.8,52.1], 

----------------------------------------------------------------n = 7
de castelijau:
t = 0.7946
[-822.8,-441.2], 
[-700.4,349.6], 
[-937.1,761.9], 
[53.7,210.6], 
[-99.8,-444.7], 
[-111.1,217.8], 
[-756.4,-406.7], 

bezier:
t = 0.7946
[-822.8,-441.2], 
[-700.4,349.6], 
[-937.1,761.9], 
[53.7,210.6], 
[-99.8,-444.7], 
[-111.1,217.8], 
[-756.4,-406.7], 

----------------------------------------------------------------n = 8
de castelijau:
t = 0.7724
[-873.4,-454.4], 
[-369.1,-780.7], 
[-925.5,-706.3], 
[873.2,-606.9], 
[-167.6,-230.4], 
[-990.5,-973.6], 
[-206.7,213.1], 
[-534.1,681.9], 

bezier:
t = 0.7724
[-873.4,-454.4], 
[-369.1,-780.7], 
[-925.5,-706.3], 
[873.2,-606.9], 
[-167.6,-230.4], 
[-990.5,-973.6], 
[-206.7,213.1], 
[-534.1,681.9], 

----------------------------------------------------------------n = 9
de castelijau:
t = 0.749
[916,-873.8], 
[284.8,92.5], 
[-774.2,-616.8], 
[27.3,594], 
[44.3,152.1], 
[-64.5,-546.9], 
[-140.5,712.3], 
[-377.5,392], 
[-156.8,-39.5], 

bezier:
t = 0.749
[916,-873.8], 
[284.8,92.5], 
[-774.2,-616.8], 
[27.3,594], 
[44.3,152.1], 
[-64.5,-546.9], 
[-140.5,712.3], 
[-377.5,392], 
[-156.8,-39.5], 

----------------------------------------------------------------n = 10
de castelijau:
t = 0.7568
[-963,-888.5], 
[196.2,-347.3], 
[-516.7,-134.7], 
[971.7,-407.9], 
[-368.4,164], 
[852.2,132.5], 
[188,515.4], 
[754.9,-695.8], 
[-923.5,-534.7], 
[323.7,-709], 

bezier:
t = 0.7568
[-963,-888.5], 
[196.2,-347.3], 
[-516.7,-134.7], 
[971.7,-407.9], 
[-368.4,164], 
[852.2,132.5], 
[188,515.4], 
[754.9,-695.8], 
[-923.5,-534.7], 
[323.7,-709], 

----------------------------------------------------------------n = 11
de castelijau:
t = 0.7568
[-717.7,-910.8], 
[-407.2,-575.8], 
[751,-638.1], 
[-108.6,106.6], 
[504.6,-566.9], 
[-607.1,-464.9], 
[802.6,-273.3], 
[-800.6,-15.8], 
[185.5,39.7], 
[-655.4,759.6], 
[834.3,23.8], 

bezier:
t = 0.7568
[-717.7,-910.8], 
[-407.2,-575.8], 
[751,-638.1], 
[-108.6,106.6], 
[504.6,-566.9], 
[-607.1,-464.9], 
[802.6,-273.3], 
[-800.6,-15.8], 
[185.5,39.7], 
[-655.4,759.6], 
[834.3,23.8], 

----------------------------------------------------------------n = 12
de castelijau:
t = 0.7646
[-480,-840.8], 
[856.2,-659.1], 
[-522,-87.1], 
[-770.8,-548], 
[-792,-897.1], 
[-590.6,-499.6], 
[-268.8,-35.7], 
[647.3,-1.3], 
[-876.1,-847.6], 
[-549.2,-364.4], 
[997.9,-117.9], 
[-334.2,-510.1], 

bezier:
t = 0.7646
[-480,-840.8], 
[856.2,-659.1], 
[-522,-87.1], 
[-770.8,-548], 
[-792,-897.1], 
[-590.6,-499.6], 
[-268.8,-35.7], 
[647.3,-1.3], 
[-876.1,-847.6], 
[-549.2,-364.4], 
[997.9,-117.9], 
[-334.2,-510.1], 

----------------------------------------------------------------n = 13
de castelijau:
t = 0.7952
[-852,-496.3], 
[-549.1,-648.1], 
[255,-433.9], 
[802.7,253.9], 
[169.7,-48.7], 
[-631.8,-254.9], 
[396.8,76.3], 
[-659.9,620.5], 
[-351.6,-104.5], 
[-504.4,-587], 
[-249.9,-107.3], 
[-71.2,-305.4], 
[-107.5,202.7], 

bezier:
t = 0.7952
[-852,-496.3], 
[-549.1,-648.1], 
[255,-433.9], 
[802.7,253.9], 
[169.7,-48.7], 
[-631.8,-254.9], 
[396.8,76.3], 
[-659.9,620.5], 
[-351.6,-104.5], 
[-504.4,-587], 
[-249.9,-107.3], 
[-71.2,-305.4], 
[-107.5,202.7], 

----------------------------------------------------------------n = 14
de castelijau:
t = 0.7964
[-574.6,-846.1], 
[-989.7,-857.7], 
[-690.9,-666.5], 
[-805.5,626], 
[-927.9,-968.9], 
[-253.4,6.5], 
[-860.6,631.2], 
[4.8,201], 
[-355.6,-50.9], 
[744.7,364.1], 
[232.8,-23], 
[-646,-950.8], 
[-630.8,668.1], 
[-346,-567.5], 

bezier:
t = 0.7964
[-574.6,-846.1], 
[-989.7,-857.7], 
[-690.9,-666.5], 
[-805.5,626], 
[-927.9,-968.9], 
[-253.4,6.5], 
[-860.6,631.2], 
[4.8,201], 
[-355.6,-50.9], 
[744.7,364.1], 
[232.8,-23], 
[-646,-950.8], 
[-630.8,668.1], 
[-346,-567.5], 

----------------------------------------------------------------n = 15
de castelijau:
t = 0.7796
[-516.2,-817.3], 
[265.2,88.4], 
[-118.7,248.8], 
[-459.4,-11.3], 
[-186.2,175.3], 
[-559.6,-195.6], 
[35.2,-645.3], 
[-430.6,-370.9], 
[582.4,957.3], 
[-637.7,-888.8], 
[333.2,-461.2], 
[455.3,302.1], 
[21.8,-468.4], 
[-715.4,-561.7], 
[363.2,-909.7], 

bezier:
t = 0.7796
[-516.2,-817.3], 
[265.2,88.4], 
[-118.7,248.8], 
[-459.4,-11.3], 
[-186.2,175.3], 
[-559.6,-195.6], 
[35.2,-645.3], 
[-430.6,-370.9], 
[582.4,957.3], 
[-637.7,-888.8], 
[333.2,-461.2], 
[455.3,302.1], 
[21.8,-468.4], 
[-715.4,-561.7], 
[363.2,-909.7], 

----------------------------------------------------------------n = 16
de castelijau:
t = 0.7808
[-494.5,719.8], 
[-880.9,-917.1], 
[34.2,-310.9], 
[-188.7,-15], 
[-516.9,-351.2], 
[146.4,-213.8], 
[-136.3,798.7], 
[-6.1,-505.1], 
[405.9,-442.7], 
[986.4,-813.3], 
[-268.4,344.1], 
[903.4,600.8], 
[-887.8,-953.9], 
[914,-454.4], 
[-422.6,167.1], 
[200.5,-518.4], 

bezier:
t = 0.7808
[-494.5,719.8], 
[-880.9,-917.1], 
[34.2,-310.9], 
[-188.7,-15], 
[-516.9,-351.2], 
[146.4,-213.8], 
[-136.3,798.7], 
[-6.1,-505.1], 
[405.9,-442.7], 
[986.4,-813.3], 
[-268.4,344.1], 
[903.4,600.8], 
[-887.8,-953.9], 
[914,-454.4], 
[-422.6,167.1], 
[200.5,-518.4], 

----------------------------------------------------------------n = 17
de castelijau:
t = 0.7868
[-79.1,-785.3], 
[-126,-841.4], 
[-8.4,-693.7], 
[-998.7,-602.2], 
[-436.5,516.4], 
[-661.6,-578.3], 
[260.7,-989.7], 
[64.3,47.3], 
[-986.9,342.4], 
[355.1,39.8], 
[-267.7,-755.4], 
[-851.5,-242.6], 
[230.6,574.6], 
[-564.8,669.3], 
[-856.9,-764.1], 
[-585.3,-792.1], 
[267.9,-324], 

bezier:
t = 0.7868
[-79.1,-785.3], 
[-126,-841.4], 
[-8.4,-693.7], 
[-998.7,-602.2], 
[-436.5,516.4], 
[-661.6,-578.3], 
[260.7,-989.7], 
[64.3,47.3], 
[-986.9,342.4], 
[355.1,39.8], 
[-267.7,-755.4], 
[-851.5,-242.6], 
[230.6,574.6], 
[-564.8,669.3], 
[-856.9,-764.1], 
[-585.3,-792.1], 
[267.9,-324], 

----------------------------------------------------------------n = 18
de castelijau:
t = 0.7886
[-998.1,937.2], 
[-671.6,396.7], 
[32.6,-118.4], 
[-177.4,-101.9], 
[16,148.3], 
[224.5,974.8], 
[60.9,716.7], 
[870.9,-464.1], 
[-467.6,743.9], 
[-552.6,-245.1], 
[-356.7,-459.1], 
[-339,-600.6], 
[65,-423.5], 
[-446.4,-531.5], 
[-319.7,-906.7], 
[-683.2,818.8], 
[30.1,-117.3], 
[400.2,-240.5], 

bezier:
t = 0.7886
[-998.1,937.2], 
[-671.6,396.7], 
[32.6,-118.4], 
[-177.4,-101.9], 
[16,148.3], 
[224.5,974.8], 
[60.9,716.7], 
[870.9,-464.1], 
[-467.6,743.9], 
[-552.6,-245.1], 
[-356.7,-459.1], 
[-339,-600.6], 
[65,-423.5], 
[-446.4,-531.5], 
[-319.7,-906.7], 
[-683.2,818.8], 
[30.1,-117.3], 
[400.2,-240.5], 

----------------------------------------------------------------n = 19
de castelijau:
t = 0.7928
[-891.8,-520.4], 
[-366.8,-564.7], 
[511.2,258.1], 
[-297.7,-807.9], 
[-906.9,-705.3], 
[-818.2,-507.3], 
[831.4,-242.8], 
[865.9,-232.1], 
[909.9,-145], 
[353.5,47.8], 
[-202.2,54.1], 
[-716.9,-479.3], 
[237.7,35.9], 
[227.1,-699.8], 
[162,842.7], 
[-313.9,-849.7], 
[-818,397.9], 
[-572.1,-993.1], 
[-501.7,-72], 

bezier:
t = 0.7928
[-891.8,-520.4], 
[-366.8,-564.7], 
[511.2,258.1], 
[-297.7,-807.9], 
[-906.9,-705.3], 
[-818.2,-507.3], 
[831.4,-242.8], 
[865.9,-232.1], 
[909.9,-145], 
[353.5,47.8], 
[-202.2,54.1], 
[-716.9,-479.3], 
[237.7,35.9], 
[227.1,-699.8], 
[162,842.7], 
[-313.9,-849.7], 
[-818,397.9], 
[-572.1,-993.1], 
[-501.7,-72], 

----------------------------------------------------------------n = 20
de castelijau:
t = 0.7766
[109.5,-970.2], 
[141.9,-391.9], 
[578.7,846.7], 
[-614,-929.6], 
[-249.6,631.5], 
[-818.7,-788.1], 
[-59.4,625.6], 
[-187.3,45.9], 
[187.2,-136.7], 
[-845.2,565.7], 
[996.9,-548.9], 
[-689.1,-78.7], 
[-967.4,-749.4], 
[-540.9,-671.2], 
[881.2,-413.4], 
[268.6,597.6], 
[-524.4,298.3], 
[-868.5,73.5], 
[-707.6,924.3], 
[-511.2,-711.7], 

bezier:
t = 0.7766
[109.5,-970.2], 
[141.9,-391.9], 
[578.7,846.7], 
[-614,-929.6], 
[-249.6,631.5], 
[-818.7,-788.1], 
[-59.4,625.6], 
[-187.3,45.9], 
[187.2,-136.7], 
[-845.2,565.7], 
[996.9,-548.9], 
[-689.1,-78.7], 
[-967.4,-749.4], 
[-540.9,-671.2], 
[881.2,-413.4], 
[268.6,597.6], 
[-524.4,298.3], 
[-868.5,73.5], 
[-707.6,924.3], 
[-511.2,-711.7], 

----------------------------------------------------------------