n = 1
de castelijau:
t = 0.0552
[993.8,242], 

bezier:
t = 0.0552
[993.8,242], 

----------------------------------------------------------------n = 2
de castelijau:
t = 0.0206
[-837.6,-996.8], 
[835.6,350.4], 

bezier:
t = 0.0206
[-837.6,-996.8], 
[835.6,350.4], 

----------------------------------------------------------------n = 3
de castelijau:
t = 0.1526
[-959.7,-564.8], 
[-795.2,-232.1], 
[451.4,106.8], 

bezier:
t = 0.194
[855.6,-883.1], 
[-976.3,-975.8], 
[-989.3,-47.1], 

----------------------------------------------------------------n = 4
de castelijau:
t = 0.1658
[991.8,-440.7], 
[349.9,-702.8], 
[-472.4,-427.4], 
[497.1,-470.6], 

bezier:
t = 0.1
[-955,-995.7], 
[-232.3,-343.5], 
[-407.3,197.4], 
[-201.6,-129], 

----------------------------------------------------------------n = 5
de castelijau:
t = 0.1758
[-934.1,-965.1], 
[-963.8,230.3], 
[-202.6,-346.5], 
[36.3,694.5], 
[-637.5,-350.5], 

bezier:
t = 0.1758
[-934.1,-965.1], 
[-963.8,230.3], 
[-202.6,-346.5], 
[36.3,694.5], 
[-637.5,-350.5], 

----------------------------------------------------------------n = 6
de castelijau:
t = 0.0136
[690.8,-999.4], 
[-903.4,-682.1], 
[-590.6,-512.1], 
[188.5,-810.9], 
[-958.3,-139.6], 
[836.8,116.8], 

bezier:
t = 0.1598
[-891.4,-737.7], 
[-794.8,-689], 
[-907.5,106.1], 
[559.8,-840.6], 
[-44,750.4], 
[-246,126.7], 

----------------------------------------------------------------n = 7
de castelijau:
t = 0.2
[856.3,95.6], 
[-47.2,179.3], 
[-763.6,929.8], 
[159.6,-425.5], 
[-107,-744.2], 
[720.1,-643.2], 
[762.5,129.4], 

bezier:
t = 0.1074
[974.7,-958.7], 
[-99.5,-297.3], 
[-643.5,-640.4], 
[-725.5,-887.4], 
[-471.1,-762], 
[329.9,203.4], 
[-689.9,878.5], 

----------------------------------------------------------------n = 8
de castelijau:
t = 0.1828
[-870.1,522.2], 
[-48.7,901.4], 
[-655.4,-138.9], 
[125.1,-310.3], 
[-718.9,-990.3], 
[-380.1,-256.9], 
[999.2,-681], 
[71.2,-163.2], 

bezier:
t = 0.1828
[-870.1,522.2], 
[-48.7,901.4], 
[-655.4,-138.9], 
[125.1,-310.3], 
[-718.9,-990.3], 
[-380.1,-256.9], 
[999.2,-681], 
[71.2,-163.2], 

----------------------------------------------------------------n = 9
de castelijau:
t = 0.2
[-932.8,-164.6], 
[-31.6,-612.8], 
[11.6,301], 
[-214.8,-649.6], 
[-517.1,-620.1], 
[276,-393.3], 
[238.1,286], 
[-716.7,-566], 
[-761.9,-145.6], 

bezier:
t = 0.1432
[668.7,-999.4], 
[-544.6,-377.3], 
[174.6,-246.8], 
[446.4,449.7], 
[-726,-375.7], 
[316.5,-373.2], 
[940.9,558.1], 
[-109,728.7], 
[280.8,-655.1], 

----------------------------------------------------------------n = 10
de castelijau:
t = 0.1788
[-418.5,-937.7], 
[-730,-404.8], 
[122.2,-986.5], 
[-845.1,842.8], 
[-85.2,-208.4], 
[407.4,-7.1], 
[571.8,-264.4], 
[-817,-409.9], 
[-556.6,-179.8], 
[-835.6,68], 

bezier:
t = 0.1982
[842,966.7], 
[795.4,590.8], 
[52.9,680.9], 
[372.5,-924.2], 
[52.2,578.9], 
[-384.8,111.8], 
[-795.1,-894.2], 
[-349.5,185], 
[44.9,63.6], 
[715.8,-663.2], 

----------------------------------------------------------------n = 11
de castelijau:
t = 0.1446
[-947.8,18.4], 
[-730.1,-97.4], 
[-626.2,-974.2], 
[-584.2,-17.7], 
[665.9,-563.7], 
[7.1,-241.6], 
[-239,-808.9], 
[-77.5,508.7], 
[638.5,-125], 
[159.2,347.2], 
[170.5,482.1], 

bezier:
t = 0.1964
[-893.6,213.6], 
[-723.9,-757.8], 
[265.5,876.5], 
[-207.5,-596.2], 
[-689.4,-621.8], 
[354.8,23.4], 
[-654.9,-75.6], 
[715.8,-520.6], 
[-252.4,-844.7], 
[-119.3,508.3], 
[-541.5,-197.1], 

----------------------------------------------------------------n = 12
de castelijau:
t = 0.188
[-976.6,-897.6], 
[463.4,-137.5], 
[796.1,-701.4], 
[-738.2,116.4], 
[-556.3,-264.8], 
[391.3,-134.4], 
[313,956.2], 
[194.9,-717.9], 
[-739.5,420.6], 
[36,991.7], 
[-652.1,362.7], 
[-85.9,-365.5], 

bezier:
t = 0.1818
[-956,-877.3], 
[-174.4,-780.6], 
[275.7,-329.8], 
[-840.8,-264], 
[539.3,-230.9], 
[142,-513.3], 
[-592.2,-65.7], 
[-109.8,55.3], 
[-92.3,-9.1], 
[24.1,208.1], 
[-57.1,-235.4], 
[645.9,-183.8], 

----------------------------------------------------------------n = 13
de castelijau:
t = 0.188
[-781.8,-892.9], 
[230.7,-430.9], 
[-514.4,-767.8], 
[-944.7,-106], 
[622.6,-931.4], 
[-134.5,617.2], 
[-408.2,-587], 
[176.6,-330.6], 
[340.9,459.5], 
[-556.2,676.7], 
[-899.4,-770.4], 
[716.1,-165.5], 
[216.9,168], 

bezier:
t = 0.188
[-781.8,-892.9], 
[230.7,-430.9], 
[-514.4,-767.8], 
[-944.7,-106], 
[622.6,-931.4], 
[-134.5,617.2], 
[-408.2,-587], 
[176.6,-330.6], 
[340.9,459.5], 
[-556.2,676.7], 
[-899.4,-770.4], 
[716.1,-165.5], 
[216.9,168], 

----------------------------------------------------------------n = 14
de castelijau:
t = 0.1888
[-804.5,-967.5], 
[201.3,-965.2], 
[782.2,-219.9], 
[-692.8,144], 
[-648.3,-44.6], 
[235.7,-790.6], 
[-718.3,-525.7], 
[242.6,-399.4], 
[-925.7,41.2], 
[263.7,-847.7], 
[-0.4,352.2], 
[-564.5,-561.5], 
[-145.9,-89.9], 
[-384.9,-697.2], 

bezier:
t = 0.1888
[-804.5,-967.5], 
[201.3,-965.2], 
[782.2,-219.9], 
[-692.8,144], 
[-648.3,-44.6], 
[235.7,-790.6], 
[-718.3,-525.7], 
[242.6,-399.4], 
[-925.7,41.2], 
[263.7,-847.7], 
[-0.4,352.2], 
[-564.5,-561.5], 
[-145.9,-89.9], 
[-384.9,-697.2], 

----------------------------------------------------------------n = 15
de castelijau:
t = 0.1782
[-726.5,954.7], 
[-879.7,-557.7], 
[658.2,-579], 
[-263.7,-504.7], 
[22,-147.7], 
[582,-836.9], 
[23.9,991.1], 
[-836.5,661.3], 
[220,9.7], 
[-343.2,-446.7], 
[-714.5,846.9], 
[31.4,297.6], 
[-937.7,435.1], 
[-500.3,-710.2], 
[838.5,-198.4], 

bezier:
t = 0.1782
[-726.5,954.7], 
[-879.7,-557.7], 
[658.2,-579], 
[-263.7,-504.7], 
[22,-147.7], 
[582,-836.9], 
[23.9,991.1], 
[-836.5,661.3], 
[220,9.7], 
[-343.2,-446.7], 
[-714.5,846.9], 
[31.4,297.6], 
[-937.7,435.1], 
[-500.3,-710.2], 
[838.5,-198.4], 

----------------------------------------------------------------n = 16
de castelijau:
t = 0.1976
[730.3,-773.2], 
[616.4,-533.8], 
[-191.3,454.6], 
[-254.5,-578.4], 
[746.7,-33.9], 
[-62.5,281.8], 
[-990.5,252.7], 
[-199.8,-213.7], 
[-564,-882.6], 
[394.1,48.2], 
[548.3,89.1], 
[80,-580.1], 
[24.6,-521.4], 
[-730.8,-792.7], 
[-756,-631.9], 
[954.1,-23], 

bezier:
t = 0.1976
[730.3,-773.2], 
[616.4,-533.8], 
[-191.3,454.6], 
[-254.5,-578.4], 
[746.7,-33.9], 
[-62.5,281.8], 
[-990.5,252.7], 
[-199.8,-213.7], 
[-564,-882.6], 
[394.1,48.2], 
[548.3,89.1], 
[80,-580.1], 
[24.6,-521.4], 
[-730.8,-792.7], 
[-756,-631.9], 
[954.1,-23], 

----------------------------------------------------------------n = 17
de castelijau:
t = 0.1926
[-749.8,-897.2], 
[4.2,-798.9], 
[-503.5,717.2], 
[-197.9,188.7], 
[-31.4,-527.2], 
[-242,-181.3], 
[425.9,-15], 
[-951,68.1], 
[264.4,-534], 
[-14.5,97.4], 
[-294.4,-687.2], 
[-637.4,117.3], 
[-373.5,-37.1], 
[-337,339.6], 
[-500.3,483.6], 
[-707.7,-790.1], 
[-683.2,-342.1], 

bezier:
t = 0.1926
[-749.8,-897.2], 
[4.2,-798.9], 
[-503.5,717.2], 
[-197.9,188.7], 
[-31.4,-527.2], 
[-242,-181.3], 
[425.9,-15], 
[-951,68.1], 
[264.4,-534], 
[-14.5,97.4], 
[-294.4,-687.2], 
[-637.4,117.3], 
[-373.5,-37.1], 
[-337,339.6], 
[-500.3,483.6], 
[-707.7,-790.1], 
[-683.2,-342.1], 

----------------------------------------------------------------n = 18
de castelijau:
t = 0.195
[-789.9,-761.1], 
[-616.5,-827.1], 
[-655.5,-396.6], 
[-37.6,280.1], 
[377.1,829.7], 
[-120.5,167.4], 
[-31.2,-340.2], 
[349.2,-726.7], 
[706.9,-504.3], 
[-515.4,111], 
[-376.8,443.7], 
[786.1,190.2], 
[7.1,690.7], 
[868.3,501.1], 
[150.9,230.2], 
[863.2,842.7], 
[-182.6,698.8], 
[-297.5,-913], 

bezier:
t = 0.195
[-789.9,-761.1], 
[-616.5,-827.1], 
[-655.5,-396.6], 
[-37.6,280.1], 
[377.1,829.7], 
[-120.5,167.4], 
[-31.2,-340.2], 
[349.2,-726.7], 
[706.9,-504.3], 
[-515.4,111], 
[-376.8,443.7], 
[786.1,190.2], 
[7.1,690.7], 
[868.3,501.1], 
[150.9,230.2], 
[863.2,842.7], 
[-182.6,698.8], 
[-297.5,-913], 

----------------------------------------------------------------n = 19
de castelijau:
t = 0.1976
[-891.8,-520.4], 
[-366.8,-564.7], 
[511.2,258.1], 
[-297.7,-807.9], 
[-906.9,-705.3], 
[-818.2,-507.3], 
[831.4,-242.8], 
[865.9,-232.1], 
[909.9,-145], 
[353.5,47.8], 
[-202.2,54.1], 
[-716.9,-479.3], 
[237.7,35.9], 
[227.1,-699.8], 
[162,842.7], 
[-313.9,-849.7], 
[-818,397.9], 
[-572.1,-993.1], 
[-501.7,-72], 

bezier:
t = 0.1976
[-891.8,-520.4], 
[-366.8,-564.7], 
[511.2,258.1], 
[-297.7,-807.9], 
[-906.9,-705.3], 
[-818.2,-507.3], 
[831.4,-242.8], 
[865.9,-232.1], 
[909.9,-145], 
[353.5,47.8], 
[-202.2,54.1], 
[-716.9,-479.3], 
[237.7,35.9], 
[227.1,-699.8], 
[162,842.7], 
[-313.9,-849.7], 
[-818,397.9], 
[-572.1,-993.1], 
[-501.7,-72], 

----------------------------------------------------------------n = 20
de castelijau:
t = 0.199
[-938.8,-985.3], 
[-788.2,-974.1], 
[272.4,263.8], 
[-868.4,-844.8], 
[-66.2,-59], 
[-484.6,578.5], 
[-991.3,-862.6], 
[-234.9,-997.7], 
[234.5,982.1], 
[-825.2,52.8], 
[-493.7,-336.4], 
[-552.7,476.9], 
[997.2,504.5], 
[773.1,-751], 
[995.4,-846.4], 
[-81.5,951.9], 
[-530.8,238.6], 
[104.3,-342.7], 
[-677.7,394], 
[9.9,-19.9], 

bezier:
t = 0.199
[-938.8,-985.3], 
[-788.2,-974.1], 
[272.4,263.8], 
[-868.4,-844.8], 
[-66.2,-59], 
[-484.6,578.5], 
[-991.3,-862.6], 
[-234.9,-997.7], 
[234.5,982.1], 
[-825.2,52.8], 
[-493.7,-336.4], 
[-552.7,476.9], 
[997.2,504.5], 
[773.1,-751], 
[995.4,-846.4], 
[-81.5,951.9], 
[-530.8,238.6], 
[104.3,-342.7], 
[-677.7,394], 
[9.9,-19.9], 

----------------------------------------------------------------