n = 1
de castelijau:
t = 0.9512
[765.1,-170.2], 

bezier:
t = 0.9512
[765.1,-170.2], 

----------------------------------------------------------------n = 2
de castelijau:
t = 0.997
[-195.7,-759.5], 
[-456.7,-627.8], 

bezier:
t = 0.8096
[-773.3,-426.3], 
[-788.2,-896.6], 

----------------------------------------------------------------n = 3
de castelijau:
t = 0.9848
[132.6,-774.3], 
[265.7,-804.8], 
[-997.5,-462], 

bezier:
t = 0.8982
[-263.1,441.8], 
[-822.9,-95.1], 
[-998.6,373.4], 

----------------------------------------------------------------n = 4
de castelijau:
t = 0.8652
[148.8,754.1], 
[205.2,887.3], 
[-539,893.7], 
[-481.2,632.4], 

bezier:
t = 0.9408
[-266.5,743.9], 
[90.5,301.2], 
[278.7,964.8], 
[-524.8,-119.3], 

----------------------------------------------------------------n = 5
de castelijau:
t = 0.9758
[-934.1,-965.1], 
[-963.8,230.3], 
[-202.6,-346.5], 
[36.3,694.5], 
[-637.5,-350.5], 

bezier:
t = 0.9758
[-934.1,-965.1], 
[-963.8,230.3], 
[-202.6,-346.5], 
[36.3,694.5], 
[-637.5,-350.5], 

----------------------------------------------------------------n = 6
de castelijau:
t = 0.9564
[-893.3,-981.5], 
[-967.6,-412.7], 
[-486.9,-49.5], 
[-900.7,252.5], 
[-592.1,921.1], 
[-113.4,-707], 

bezier:
t = 0.9564
[-893.3,-981.5], 
[-967.6,-412.7], 
[-486.9,-49.5], 
[-900.7,252.5], 
[-592.1,921.1], 
[-113.4,-707], 

----------------------------------------------------------------n = 7
de castelijau:
t = 0.9982
[-822.8,-441.2], 
[-700.4,349.6], 
[-937.1,761.9], 
[53.7,210.6], 
[-99.8,-444.7], 
[-111.1,217.8], 
[-756.4,-406.7], 

bezier:
t = 0.9982
[-822.8,-441.2], 
[-700.4,349.6], 
[-937.1,761.9], 
[53.7,210.6], 
[-99.8,-444.7], 
[-111.1,217.8], 
[-756.4,-406.7], 

----------------------------------------------------------------n = 8
de castelijau:
t = 0.9908
[-873.4,-454.4], 
[-369.1,-780.7], 
[-925.5,-706.3], 
[873.2,-606.9], 
[-167.6,-230.4], 
[-990.5,-973.6], 
[-206.7,213.1], 
[-534.1,681.9], 

bezier:
t = 0.9908
[-873.4,-454.4], 
[-369.1,-780.7], 
[-925.5,-706.3], 
[873.2,-606.9], 
[-167.6,-230.4], 
[-990.5,-973.6], 
[-206.7,213.1], 
[-534.1,681.9], 

----------------------------------------------------------------n = 9
de castelijau:
t = 0.983
[916,-873.8], 
[284.8,92.5], 
[-774.2,-616.8], 
[27.3,594], 
[44.3,152.1], 
[-64.5,-546.9], 
[-140.5,712.3], 
[-377.5,392], 
[-156.8,-39.5], 

bezier:
t = 0.983
[916,-873.8], 
[284.8,92.5], 
[-774.2,-616.8], 
[27.3,594], 
[44.3,152.1], 
[-64.5,-546.9], 
[-140.5,712.3], 
[-377.5,392], 
[-156.8,-39.5], 

----------------------------------------------------------------n = 10
de castelijau:
t = 0.9702
[-565.9,-762.4], 
[284.4,-223], 
[-592.1,-366.1], 
[-33.6,-800.3], 
[-788,-644.7], 
[412.2,-554.4], 
[700.4,-243.3], 
[-787.8,244], 
[392.7,260.2], 
[-908.2,-297.9], 

bezier:
t = 0.9702
[-565.9,-762.4], 
[284.4,-223], 
[-592.1,-366.1], 
[-33.6,-800.3], 
[-788,-644.7], 
[412.2,-554.4], 
[700.4,-243.3], 
[-787.8,244], 
[392.7,260.2], 
[-908.2,-297.9], 

----------------------------------------------------------------n = 11
de castelijau:
t = 0.9856
[-717.7,-910.8], 
[-407.2,-575.8], 
[751,-638.1], 
[-108.6,106.6], 
[504.6,-566.9], 
[-607.1,-464.9], 
[802.6,-273.3], 
[-800.6,-15.8], 
[185.5,39.7], 
[-655.4,759.6], 
[834.3,23.8], 

bezier:
t = 0.9856
[-717.7,-910.8], 
[-407.2,-575.8], 
[751,-638.1], 
[-108.6,106.6], 
[504.6,-566.9], 
[-607.1,-464.9], 
[802.6,-273.3], 
[-800.6,-15.8], 
[185.5,39.7], 
[-655.4,759.6], 
[834.3,23.8], 

----------------------------------------------------------------n = 12
de castelijau:
t = 0.969
[-985.4,-944.2], 
[-709.7,150.9], 
[-337.4,-934.4], 
[-271.7,107], 
[-585,780.3], 
[-91,-575.8], 
[642.8,-242.9], 
[-659,-987.4], 
[-140.7,-787.6], 
[806.9,657.5], 
[993.4,-88.1], 
[-303.8,469.7], 

bezier:
t = 0.969
[-985.4,-944.2], 
[-709.7,150.9], 
[-337.4,-934.4], 
[-271.7,107], 
[-585,780.3], 
[-91,-575.8], 
[642.8,-242.9], 
[-659,-987.4], 
[-140.7,-787.6], 
[806.9,657.5], 
[993.4,-88.1], 
[-303.8,469.7], 

----------------------------------------------------------------n = 13
de castelijau:
t = 0.9984
[-852,-496.3], 
[-549.1,-648.1], 
[255,-433.9], 
[802.7,253.9], 
[169.7,-48.7], 
[-631.8,-254.9], 
[396.8,76.3], 
[-659.9,620.5], 
[-351.6,-104.5], 
[-504.4,-587], 
[-249.9,-107.3], 
[-71.2,-305.4], 
[-107.5,202.7], 

bezier:
t = 0.9984
[-852,-496.3], 
[-549.1,-648.1], 
[255,-433.9], 
[802.7,253.9], 
[169.7,-48.7], 
[-631.8,-254.9], 
[396.8,76.3], 
[-659.9,620.5], 
[-351.6,-104.5], 
[-504.4,-587], 
[-249.9,-107.3], 
[-71.2,-305.4], 
[-107.5,202.7], 

----------------------------------------------------------------n = 14
de castelijau:
t = 0.9988
[-574.6,-846.1], 
[-989.7,-857.7], 
[-690.9,-666.5], 
[-805.5,626], 
[-927.9,-968.9], 
[-253.4,6.5], 
[-860.6,631.2], 
[4.8,201], 
[-355.6,-50.9], 
[744.7,364.1], 
[232.8,-23], 
[-646,-950.8], 
[-630.8,668.1], 
[-346,-567.5], 

bezier:
t = 0.9988
[-574.6,-846.1], 
[-989.7,-857.7], 
[-690.9,-666.5], 
[-805.5,626], 
[-927.9,-968.9], 
[-253.4,6.5], 
[-860.6,631.2], 
[4.8,201], 
[-355.6,-50.9], 
[744.7,364.1], 
[232.8,-23], 
[-646,-950.8], 
[-630.8,668.1], 
[-346,-567.5], 

----------------------------------------------------------------n = 15
de castelijau:
t = 0.9674
[-222.1,-966.7], 
[226.7,-45.1], 
[92.4,122.8], 
[134.8,408.2], 
[-282.9,252.6], 
[-160.1,-53.3], 
[202.5,-371.9], 
[-78.5,-606.3], 
[263.6,-876.2], 
[123.1,-370.5], 
[-370,-857.7], 
[-749.8,-417.2], 
[608.2,-875.3], 
[387,-669.2], 
[446.3,-368.6], 

bezier:
t = 0.9674
[-222.1,-966.7], 
[226.7,-45.1], 
[92.4,122.8], 
[134.8,408.2], 
[-282.9,252.6], 
[-160.1,-53.3], 
[202.5,-371.9], 
[-78.5,-606.3], 
[263.6,-876.2], 
[123.1,-370.5], 
[-370,-857.7], 
[-749.8,-417.2], 
[608.2,-875.3], 
[387,-669.2], 
[446.3,-368.6], 

----------------------------------------------------------------n = 16
de castelijau:
t = 0.9796
[-647.1,491.8], 
[-972.5,716.5], 
[-784.3,-258.9], 
[-216.9,-409.4], 
[-824,780.1], 
[-564,-988.7], 
[-975.6,-849], 
[934.8,-867.7], 
[-544.4,-929.2], 
[-443.7,147.1], 
[-972.9,-611.6], 
[912.4,-893], 
[-757.2,-957.3], 
[-314.1,-771.6], 
[-383.3,-699.1], 
[668.7,-854.2], 

bezier:
t = 0.9796
[-647.1,491.8], 
[-972.5,716.5], 
[-784.3,-258.9], 
[-216.9,-409.4], 
[-824,780.1], 
[-564,-988.7], 
[-975.6,-849], 
[934.8,-867.7], 
[-544.4,-929.2], 
[-443.7,147.1], 
[-972.9,-611.6], 
[912.4,-893], 
[-757.2,-957.3], 
[-314.1,-771.6], 
[-383.3,-699.1], 
[668.7,-854.2], 

----------------------------------------------------------------n = 17
de castelijau:
t = 0.9914
[-528.5,-796.7], 
[80.2,-318.1], 
[299.9,-544.4], 
[-559,-510.9], 
[988.5,-367.6], 
[-517.2,-123.4], 
[-313.8,-237.7], 
[-222.7,-228.4], 
[-955.4,420.2], 
[-795.9,-787.3], 
[170.7,-382.1], 
[-632.5,828.7], 
[-784.1,-553.4], 
[-557.7,-503.3], 
[-571.9,331.3], 
[-927,-669.1], 
[-317.7,-662.8], 

bezier:
t = 0.9914
[-528.5,-796.7], 
[80.2,-318.1], 
[299.9,-544.4], 
[-559,-510.9], 
[988.5,-367.6], 
[-517.2,-123.4], 
[-313.8,-237.7], 
[-222.7,-228.4], 
[-955.4,420.2], 
[-795.9,-787.3], 
[170.7,-382.1], 
[-632.5,828.7], 
[-784.1,-553.4], 
[-557.7,-503.3], 
[-571.9,331.3], 
[-927,-669.1], 
[-317.7,-662.8], 

----------------------------------------------------------------n = 18
de castelijau:
t = 0.9804
[715.9,-936.1], 
[-412.9,-906.8], 
[-346.8,13.8], 
[-146.2,-561.8], 
[-171.8,8.3], 
[-602.8,-686.5], 
[236.3,795.3], 
[961.6,416.3], 
[487.2,-110.8], 
[439.7,-433.8], 
[901.5,861.9], 
[220.1,438.3], 
[126.5,8.6], 
[-0.2,594.6], 
[-81.4,31], 
[-427,-682.2], 
[-521.8,-731.9], 
[801.6,-573.3], 

bezier:
t = 0.9804
[715.9,-936.1], 
[-412.9,-906.8], 
[-346.8,13.8], 
[-146.2,-561.8], 
[-171.8,8.3], 
[-602.8,-686.5], 
[236.3,795.3], 
[961.6,416.3], 
[487.2,-110.8], 
[439.7,-433.8], 
[901.5,861.9], 
[220.1,438.3], 
[126.5,8.6], 
[-0.2,594.6], 
[-81.4,31], 
[-427,-682.2], 
[-521.8,-731.9], 
[801.6,-573.3], 

----------------------------------------------------------------n = 19
de castelijau:
t = 0.9768
[176.7,789.7], 
[-448.1,116.1], 
[439.2,973.4], 
[62.5,-139.1], 
[377.3,-809.2], 
[114.2,-253.9], 
[-923.5,-81.1], 
[-943.4,86.8], 
[-73.2,-207.9], 
[-808.1,-575.8], 
[-847.2,-367.5], 
[-331.7,-936.6], 
[100.6,-103.6], 
[-128.7,181.8], 
[619.1,488.6], 
[-505,88.6], 
[520.7,-759.5], 
[-907.8,-866.8], 
[-307.6,-803.8], 

bezier:
t = 0.9768
[176.7,789.7], 
[-448.1,116.1], 
[439.2,973.4], 
[62.5,-139.1], 
[377.3,-809.2], 
[114.2,-253.9], 
[-923.5,-81.1], 
[-943.4,86.8], 
[-73.2,-207.9], 
[-808.1,-575.8], 
[-847.2,-367.5], 
[-331.7,-936.6], 
[100.6,-103.6], 
[-128.7,181.8], 
[619.1,488.6], 
[-505,88.6], 
[520.7,-759.5], 
[-907.8,-866.8], 
[-307.6,-803.8], 

----------------------------------------------------------------n = 20
de castelijau:
t = 0.9922
[109.5,-970.2], 
[141.9,-391.9], 
[578.7,846.7], 
[-614,-929.6], 
[-249.6,631.5], 
[-818.7,-788.1], 
[-59.4,625.6], 
[-187.3,45.9], 
[187.2,-136.7], 
[-845.2,565.7], 
[996.9,-548.9], 
[-689.1,-78.7], 
[-967.4,-749.4], 
[-540.9,-671.2], 
[881.2,-413.4], 
[268.6,597.6], 
[-524.4,298.3], 
[-868.5,73.5], 
[-707.6,924.3], 
[-511.2,-711.7], 

bezier:
t = 0.9922
[109.5,-970.2], 
[141.9,-391.9], 
[578.7,846.7], 
[-614,-929.6], 
[-249.6,631.5], 
[-818.7,-788.1], 
[-59.4,625.6], 
[-187.3,45.9], 
[187.2,-136.7], 
[-845.2,565.7], 
[996.9,-548.9], 
[-689.1,-78.7], 
[-967.4,-749.4], 
[-540.9,-671.2], 
[881.2,-413.4], 
[268.6,597.6], 
[-524.4,298.3], 
[-868.5,73.5], 
[-707.6,924.3], 
[-511.2,-711.7], 

----------------------------------------------------------------