1 0 6.372e-011 0 2.32831e-010 1 0 7
2 1.08072e-010 1.10434e-010 3.68138e-010 4.19741e-010 1 1 5
3 1.32704e-010 1.56933e-010 4.19741e-010 6.58545e-010 1 0 3
4 1.5306e-010 1.84579e-010 5.20625e-010 6.78812e-010 0 1 6
5 1.68492e-010 2.12139e-010 5.82077e-010 7.45422e-010 0 1 6
6 1.9007e-010 2.72277e-010 5.82077e-010 9.87817e-010 1 1 6
7 1.99544e-010 3.10319e-010 8.23181e-010 1.16996e-009 2 1 4
8 2.05441e-010 4.08386e-010 7.36275e-010 3.91336e-009 2 1 6
9 2.18006e-010 6.49295e-010 7.45422e-010 7.1356e-009 1 2 7
10 2.28871e-010 1.15183e-009 7.45422e-010 2.07223e-008 0 2 8
11 2.3652e-010 2.82783e-009 8.86593e-010 7.04846e-008 1 2 8
12 2.48258e-010 6.46671e-009 8.86593e-010 2.18327e-007 1 4 10
13 2.46395e-010 1.56152e-008 9.09233e-010 5.28597e-007 1 2 10
14 2.58221e-010 5.8872e-008 1.00144e-009 1.88346e-006 1 1 10
15 2.78917e-010 1.14511e-007 9.3857e-010 4.62911e-006 4 6 11
16 2.80043e-010 3.56444e-007 1.00144e-009 1.04971e-005 1 3 11
17 2.85348e-010 1.02944e-006 9.87817e-010 2.40709e-005 1 4 11
18 2.93885e-010 2.95086e-006 1.00144e-009 8.2048e-005 1 4 12
19 2.93971e-010 7.38101e-006 1.0733e-009 0.000160188 1 4 12
20 3.11555e-010 2.24555e-005 1.15245e-009 0.00124755 2 5 11
