1 9.11807e-011 9.11807e-011 9.11807e-008 9.11807e-008 2 6 7
2 2.27259e-010 2.01936e-010 2.27259e-007 2.01936e-007 1 6 6
3 3.08862e-010 2.8943e-010 3.08862e-007 2.8943e-007 1 6 6
4 4.18358e-010 3.49925e-010 4.18358e-007 3.49925e-007 0 7 6
5 5.02865e-010 4.29278e-010 5.02865e-007 4.29278e-007 0 8 7
6 1.8323e-009 1.81945e-009 1.8323e-006 1.81945e-006 1 9 7
7 3.94679e-009 3.93551e-009 3.94679e-006 3.93551e-006 0 10 8
8 7.84671e-009 7.80914e-009 7.84671e-006 7.80914e-006 2 11 9
9 3.24236e-008 3.24377e-008 3.24236e-005 3.24377e-005 1 12 11
10 8.91222e-008 8.90732e-008 8.91222e-005 8.90732e-005 1 10 9
11 2.23363e-007 2.23388e-007 0.000223363 0.000223388 0 13 11
12 6.35691e-007 6.357e-007 0.000635691 0.0006357 1 11 10
13 2.4145e-006 2.41452e-006 0.0024145 0.00241452 1 12 11
14 6.1964e-006 6.19645e-006 0.0061964 0.00619645 1 12 11
15 1.12703e-005 1.12702e-005 0.0112703 0.0112702 1 15 13
16 5.02977e-005 5.02977e-005 0.0502977 0.0502977 1 17 14
17 0.000108592 0.000108592 0.108592 0.108592 1 17 15
18 0.000250237 0.000250237 0.250237 0.250237 1 15 12
19 0.000927629 0.000927629 0.927629 0.927629 1 16 11
20 0.00271322 0.00271322 2.71322 2.71322 1 18 12
